pair common_neigh jaccard pref_attach adamic sp_3 class
3009-3191 0 0.0 4 0 4.0 1
3009-3423 0 0.0 20 0 8.0 1
3009-3547 0 0.0 36 0 13.0 1
3009-3958 0 0.0 8 0 6.0 1
3010-3016 0 0.0 9 0 5.0 1
3010-3411 0 0.0 3 0 3.0 1
3010-3512 0 0.0 21 0 9.0 1
3012-3512 0 0.0 7 0 7.0 1
3016-3010 0 0.0 9 0 5.0 1
3016-3372 0 0.0 9 0 5.0 1
3016-3448 0 0.0 3 0 3.0 1
3018-3026 3 0.13043478260869565 105 1.8584320508998398 38.0 1
3018-3029 1 0.14285714285714285 15 0.3284587387530511 10.0 1
3018-3043 2 0.2 35 0.7627532206563028 22.0 1
3018-3065 3 0.25 50 1.5637046015672835 27.0 1
3018-3597 1 0.125 20 0.43429448190325176 12.0 1
3019-3025 1 0.1111111111111111 21 0.43429448190325176 14.0 1
3019-3065 1 0.08333333333333333 30 0.5138983423697507 16.0 1
3019-3078 0 0.0 12 0 9.0 1
3021-3064 0 0.0 10 0 6.0 1
3021-3070 0 0.0 2 0 2.0 1
3024-3038 0 0.0 8 0 5.0 1
3024-3060 0 0.0 8 0 5.0 1
3024-3067 0 0.0 36 0 13.0 1
3024-3074 0 0.0 8 0 6.0 1
3025-3019 1 0.1111111111111111 21 0.43429448190325176 14.0 1
3025-3026 3 0.12 147 1.6695403447174841 40.0 1
3025-3038 0 0.0 14 0 8.0 1
3025-3043 2 0.16666666666666666 49 0.7627532206563028 26.0 1
3025-3055 1 0.1 28 0.3284587387530511 15.0 1
3025-3062 0 0.0 28 0 11.0 1
3025-3065 3 0.21428571428571427 70 1.7525963077496391 29.0 1
3026-3018 3 0.13043478260869565 105 1.8584320508998398 38.0 1
3026-3025 3 0.12 147 1.6695403447174841 40.0 1
3026-3028 3 0.13636363636363635 84 2.254772935156926 34.0 1
3026-3029 1 0.043478260869565216 63 0.6213349345596119 27.0 1
3026-3031 2 0.09090909090909091 63 1.1556420023477334 32.0 1
3026-3043 4 0.16666666666666666 147 2.1908626933922264 44.0 1
3026-3047 1 0.03571428571428571 168 0.45511961331341866 29.0 1
3026-3048 0 0.0 21 0 21.0 1
3026-3053 0 0.0 126 0 27.0 1
3026-3055 1 0.041666666666666664 84 0.5138983423697507 29.0 1
3026-3057 0 0.0 63 0 23.0 1
3026-3058 0 0.0 63 0 23.0 1
3026-3064 3 0.13043478260869565 105 1.8584320508998398 37.0 1
3026-3065 6 0.24 210 3.902053300930044 52.0 1
3026-3067 1 0.034482758620689655 189 0.48089834696298783 36.0 1
3026-3074 0 0.0 42 0 23.0 1
3026-3077 2 0.09090909090909091 63 1.3426824550040934 29.0 1
3026-3534 0 0.0 105 0 28.0 1
3026-3728 0 0.0 189 0 31.0 1
3026-3936 0 0.0 42 0 22.0 1
3026-4000 0 0.0 21 0 21.0 1
3028-3026 3 0.13636363636363635 84 2.254772935156926 34.0 1
3028-3031 2 0.4 12 0.7627532206563028 11.0 1
3028-3065 2 0.16666666666666666 40 1.2386979653798884 23.0 1
3028-3077 1 0.16666666666666666 12 0.3284587387530511 11.0 1
3029-3018 1 0.14285714285714285 15 0.3284587387530511 10.0 1
3029-3026 1 0.043478260869565216 63 0.6213349345596119 27.0 1
3029-3062 0 0.0 12 0 7.0 1
3030-3050 0 0.0 1 0 1.0 1
3031-3026 2 0.09090909090909091 63 1.1556420023477334 32.0 1
3031-3028 2 0.4 12 0.7627532206563028 11.0 1
3031-3065 2 0.18181818181818182 30 1.0498062591975328 20.0 1
3032-3067 0 0.0 27 0 11.0 1
3032-3140 0 0.0 21 0 10.0 1
3032-3791 0 0.0 18 0 9.0 1
3035-3956 0 0.0 2 0 2.0 1
3035-3992 0 0.0 2 0 2.0 1
3037-3053 0 0.0 6 0 6.0 1
3038-3024 0 0.0 8 0 5.0 1
3038-3025 0 0.0 14 0 8.0 1
3039-3597 0 0.0 4 0 4.0 1
3040-3049 0 0.0 3 0 3.0 1
3040-3053 0 0.0 18 0 9.0 1
3040-3055 0 0.0 12 0 7.0 1
3043-3018 2 0.2 35 0.7627532206563028 22.0 1
3043-3025 2 0.16666666666666666 49 0.7627532206563028 26.0 1
3043-3026 4 0.16666666666666666 147 2.1908626933922264 44.0 1
3043-3064 2 0.2 35 0.7627532206563028 21.0 1
3043-3065 5 0.4166666666666667 70 2.9952661768688627 32.0 1
3043-3075 1 0.1111111111111111 21 0.43429448190325176 14.0 1
3043-3078 0 0.0 28 0 14.0 1
3046-3102 0 0.0 9 0 9.0 1
3047-3026 1 0.03571428571428571 168 0.45511961331341866 29.0 1
3047-3067 1 0.0625 72 0.3284587387530511 21.0 1
3047-3100 3 0.07692307692307693 272 1.134308909936557 66.0 1
3047-3169 0 0.0 64 0 16.0 1
3047-3218 1 0.047619047619047616 112 0.2835784920513334 32.0 1
3047-3439 1 0.08333333333333333 40 0.40242960438184466 16.0 1
3047-3492 2 0.1111111111111111 96 0.9049134266109453 30.0 1
3047-3696 1 0.041666666666666664 136 0.2835784920513334 44.0 1
3048-3026 0 0.0 21 0 21.0 1
3049-3040 0 0.0 3 0 3.0 1
3050-3030 0 0.0 1 0 1.0 1
3053-3026 0 0.0 126 0 27.0 1
3053-3037 0 0.0 6 0 6.0 1
3053-3040 0 0.0 18 0 9.0 1
3053-3221 0 0.0 60 0 15.0 1
3053-3515 1 0.05555555555555555 78 0.3789231816899512 25.0 1
3053-3558 1 0.05263157894736842 84 0.3898712452512801 26.0 1
3055-3025 1 0.1 28 0.3284587387530511 15.0 1
3055-3026 1 0.041666666666666664 84 0.5138983423697507 29.0 1
3055-3040 0 0.0 12 0 7.0 1
3055-3078 0 0.0 16 0 10.0 1
3057-3026 0 0.0 63 0 23.0 1
3057-3922 0 0.0 9 0 5.0 1
3057-3949 0 0.0 15 0 7.0 1
3058-3026 0 0.0 63 0 23.0 1
3058-3539 0 0.0 15 0 7.0 1
3058-3549 0 0.0 9 0 5.0 1
3060-3024 0 0.0 8 0 5.0 1
3060-3804 0 0.0 32 0 17.0 1
3062-3025 0 0.0 28 0 11.0 1
3062-3029 0 0.0 12 0 7.0 1
3062-3071 0 0.0 12 0 6.0 1
3062-3102 0 0.0 36 0 12.0 1
3063-3067 0 0.0 27 0 11.0 1
3063-3076 0 0.0 6 0 4.0 1
3063-3078 0 0.0 12 0 6.0 1
3064-3021 0 0.0 10 0 6.0 1
3064-3026 3 0.13043478260869565 105 1.8584320508998398 37.0 1
3064-3043 2 0.2 35 0.7627532206563028 21.0 1
3064-3065 2 0.15384615384615385 50 0.8423570811228018 27.0 1
3064-3077 1 0.14285714285714285 15 0.3284587387530511 12.0 1
3065-3018 3 0.25 50 1.5637046015672835 27.0 1
3065-3019 1 0.08333333333333333 30 0.5138983423697507 16.0 1
3065-3025 3 0.21428571428571427 70 1.7525963077496391 29.0 1
3065-3026 6 0.24 210 3.902053300930044 52.0 1
3065-3028 2 0.16666666666666666 40 1.2386979653798884 23.0 1
3065-3031 2 0.18181818181818182 30 1.0498062591975328 20.0 1
3065-3043 5 0.4166666666666667 70 2.9952661768688627 32.0 1
3065-3064 2 0.15384615384615385 50 0.8423570811228018 27.0 1
3065-3075 1 0.08333333333333333 30 0.5138983423697507 17.0 1
3065-3597 1 0.07692307692307693 40 0.6213349345596119 17.0 1
3067-3024 0 0.0 36 0 13.0 1
3067-3026 1 0.034482758620689655 189 0.48089834696298783 36.0 1
3067-3032 0 0.0 27 0 11.0 1
3067-3047 1 0.0625 72 0.3284587387530511 21.0 1
3067-3063 0 0.0 27 0 11.0 1
3067-3524 1 0.018518518518518517 414 0.5581106265512472 65.0 1
3067-3538 1 0.07142857142857142 54 0.2611892565642242 16.0 1
3067-3552 0 0.0 153 0 29.0 1
3067-3597 0 0.0 36 0 14.0 1
3070-3021 0 0.0 2 0 2.0 1
3071-3062 0 0.0 12 0 6.0 1
3071-3075 0 0.0 9 0 5.0 1
3071-3076 0 0.0 6 0 4.0 1
3074-3024 0 0.0 8 0 6.0 1
3074-3026 0 0.0 42 0 23.0 1
3075-3043 1 0.1111111111111111 21 0.43429448190325176 14.0 1
3075-3065 1 0.08333333333333333 30 0.5138983423697507 17.0 1
3075-3071 0 0.0 9 0 5.0 1
3076-3063 0 0.0 6 0 4.0 1
3076-3071 0 0.0 6 0 4.0 1
3077-3026 2 0.09090909090909091 63 1.3426824550040934 29.0 1
3077-3028 1 0.16666666666666666 12 0.3284587387530511 11.0 1
3077-3064 1 0.14285714285714285 15 0.3284587387530511 12.0 1
3078-3019 0 0.0 12 0 9.0 1
3078-3043 0 0.0 28 0 14.0 1
3078-3055 0 0.0 16 0 10.0 1
3078-3063 0 0.0 12 0 6.0 1
3081-3100 5 0.12195121951219512 408 2.065436034164563 95.0 1
3081-3144 0 0.0 24 0 16.0 1
3081-3157 0 0.0 24 0 13.0 1
3081-3194 2 0.09090909090909091 144 0.5949974572595582 39.0 1
3081-3228 1 0.047619047619047616 120 0.2611892565642242 35.0 1
3081-3451 2 0.14285714285714285 48 0.5447677486155575 30.0 1
3081-3459 2 0.13333333333333333 60 0.713629884087002 24.0 1
3081-3483 3 0.125 180 0.8785759493108916 46.0 1
3081-3517 3 0.10344827586206896 240 1.032888234014924 47.0 1
3081-3524 7 0.13725490196078433 552 2.897683796409862 104.0 1
3081-3696 4 0.16 204 1.5267764433974103 62.0 1
3081-3804 3 0.12 192 1.2578695504757065 46.0 1
3088-3110 0 0.0 2 0 2.0 1
3098-3194 1 0.07142857142857142 36 0.2611892565642242 19.0 1
3098-3224 0 0.0 3 0 3.0 1
3098-3524 1 0.020833333333333332 138 0.40242960438184466 53.0 1
3100-3047 3 0.07692307692307693 272 1.134308909936557 66.0 1
3100-3081 5 0.12195121951219512 408 2.065436034164563 95.0 1
3100-3107 0 0.0 68 0 35.0 1
3100-3115 0 0.0 34 0 34.0 1
3100-3117 1 0.027777777777777776 102 0.2611892565642242 56.0 1
3100-3160 0 0.0 34 0 34.0 1
3100-3163 0 0.0 34 0 34.0 1
3100-3173 2 0.05405405405405406 170 0.713629884087002 55.0 1
3100-3216 1 0.02857142857142857 68 0.2611892565642242 50.0 1
3100-3218 5 0.11627906976744186 476 2.4300329818005366 83.0 1
3100-3221 3 0.07317073170731707 340 1.0744069201574271 70.0 1
3100-3222 3 0.0625 578 1.2302500550174493 67.0 1
3100-3404 0 0.0 102 0 41.0 1
3100-3409 3 0.075 306 1.01657498481083 87.0 1
3100-3451 3 0.08571428571428572 136 1.1187384742594877 61.0 1
3100-3458 2 0.043478260869565216 476 0.7872506057680129 69.0 1
3100-3478 2 0.047619047619047616 340 0.7872506057680129 64.0 1
3100-3483 2 0.0425531914893617 510 0.6636188609460689 82.0 1
3100-3491 2 0.046511627906976744 374 0.7318793055547124 62.0 1
3100-3492 3 0.06976744186046512 408 1.1972072168406307 77.0 1
3100-3504 1 0.027777777777777776 102 0.3789231816899512 43.0 1
3100-3524 15 0.23076923076923078 1564 8.93175603996094 165.0 1
3100-3582 1 0.024390243902439025 272 0.36067376022224085 53.0 1
3100-3666 2 0.047619047619047616 340 0.621863016786465 69.0 1
3100-3696 13 0.34210526315789475 578 7.485001370064899 106.0 1
3100-3740 6 0.13636363636363635 544 2.4395774359220623 102.0 1
3100-3804 4 0.08695652173913043 544 1.755643844496169 86.0 1
3100-3825 4 0.10256410256410256 306 1.6961666610957078 87.0 1
3100-3900 3 0.06521739130434782 510 1.069264993742404 95.0 1
3100-3905 1 0.027777777777777776 102 0.35295612386476116 52.0 1
3100-3917 1 0.027777777777777776 102 0.35295612386476116 50.0 1
3100-3928 3 0.075 306 1.082899257155857 69.0 1
3100-3939 1 0.02857142857142857 68 0.35295612386476116 48.0 1
3100-3984 1 0.02857142857142857 68 0.2611892565642242 50.0 1
3101-3895 1 0.3333333333333333 4 0.9102392266268373 4.0 1
3101-3997 1 0.25 6 1.4426950408889634 5.0 1
3102-3046 0 0.0 9 0 9.0 1
3102-3062 0 0.0 36 0 12.0 1
3102-3222 0 0.0 153 0 26.0 1
3102-3278 0 0.0 54 0 14.0 1
3102-3376 0 0.0 63 0 17.0 1
3102-3408 0 0.0 9 0 9.0 1
3102-3494 0 0.0 18 0 11.0 1
3102-3737 0 0.0 18 0 10.0 1
3102-3847 0 0.0 9 0 9.0 1
3106-3107 0 0.0 2 0 2.0 1
3107-3100 0 0.0 68 0 35.0 1
3107-3106 0 0.0 2 0 2.0 1
3110-3088 0 0.0 2 0 2.0 1
3110-3158 0 0.0 2 0 2.0 1
3113-3194 0 0.0 72 0 22.0 1
3113-3211 0 0.0 6 0 6.0 1
3113-3222 0 0.0 102 0 27.0 1
3113-3230 0 0.0 42 0 17.0 1
3113-3547 0 0.0 54 0 16.0 1
3113-3958 0 0.0 12 0 8.0 1
3115-3100 0 0.0 34 0 34.0 1
3117-3100 1 0.027777777777777776 102 0.2611892565642242 56.0 1
3117-3479 1 0.016666666666666666 174 0.2611892565642242 72.0 1
3117-3524 2 0.0425531914893617 138 0.5298570378658278 70.0 1
3120-3479 1 0.01694915254237288 116 0.43429448190325176 67.0 1
3120-3745 1 0.09090909090909091 20 0.24627854581449443 19.0 1
3127-3207 0 0.0 18 0 9.0 1
3127-3268 0 0.0 3 0 3.0 1
3127-3538 0 0.0 18 0 9.0 1
3132-3462 0 0.0 2 0 2.0 1
3134-3149 0 0.0 1 0 1.0 1
3140-3032 0 0.0 21 0 10.0 1
3140-3458 0 0.0 98 0 22.0 1
3140-3582 2 0.15384615384615385 56 1.011206179810892 20.0 1
3140-3682 0 0.0 28 0 12.0 1
3140-3710 1 0.05263157894736842 91 0.48089834696298783 28.0 1
3140-3784 0 0.0 21 0 10.0 1
3140-3942 1 0.09090909090909091 35 0.48089834696298783 16.0 1
3143-3512 0 0.0 7 0 7.0 1
3144-3081 0 0.0 24 0 16.0 1
3144-3900 0 0.0 30 0 19.0 1
3149-3134 0 0.0 1 0 1.0 1
3153-3231 0 0.0 10 0 6.0 1
3153-3804 0 0.0 32 0 17.0 1
3155-3232 0 0.0 8 0 8.0 1
3156-3968 0 0.0 1 0 1.0 1
3157-3081 0 0.0 24 0 13.0 1
3157-3206 0 0.0 6 0 4.0 1
3158-3110 0 0.0 2 0 2.0 1
3160-3100 0 0.0 34 0 34.0 1
3163-3100 0 0.0 34 0 34.0 1
3168-3210 0 0.0 11 0 11.0 1
3169-3047 0 0.0 64 0 16.0 1
3169-3195 0 0.0 64 0 16.0 1
3169-3221 0 0.0 80 0 20.0 1
3169-3232 0 0.0 64 0 16.0 1
3169-3278 0 0.0 48 0 13.0 1
3169-3308 0 0.0 16 0 9.0 1
3169-3670 0 0.0 8 0 8.0 1
3169-3797 0 0.0 24 0 10.0 1
3171-3210 0 0.0 33 0 16.0 1
3171-3221 1 0.08333333333333333 30 0.2611892565642242 16.0 1
3171-3524 1 0.020833333333333332 138 0.43429448190325176 53.0 1
3172-3206 0 0.0 3 0 3.0 1
3173-3100 2 0.05405405405405406 170 0.713629884087002 55.0 1
3173-3209 0 0.0 20 0 9.0 1
3173-3229 0 0.0 10 0 6.0 1
3173-3696 2 0.1 85 0.6442522522735743 39.0 1
3173-3804 2 0.10526315789473684 80 0.6365346159160945 28.0 1
3177-3210 0 0.0 22 0 14.0 1
3177-3524 0 0.0 92 0 49.0 1
3179-3222 0 0.0 51 0 20.0 1
3179-3440 0 0.0 9 0 5.0 1
3179-3483 0 0.0 45 0 18.0 1
3180-3220 0 0.0 24 0 12.0 1
3180-3305 0 0.0 6 0 4.0 1
3180-3524 0 0.0 138 0 50.0 1
3185-3207 0 0.0 6 0 6.0 1
3186-3372 0 0.0 6 0 4.0 1
3186-3493 0 0.0 2 0 2.0 1
3187-3210 0 0.0 11 0 11.0 1
3188-3210 0 0.0 11 0 11.0 1
3190-3206 0 0.0 6 0 4.0 1
3190-3230 0 0.0 14 0 8.0 1
3191-3009 0 0.0 4 0 4.0 1
3192-3218 0 0.0 28 0 18.0 1
3192-3222 0 0.0 34 0 21.0 1
3194-3081 2 0.09090909090909091 144 0.5949974572595582 39.0 1
3194-3098 1 0.07142857142857142 36 0.2611892565642242 19.0 1
3194-3113 0 0.0 72 0 22.0 1
3194-3220 0 0.0 96 0 22.0 1
3194-3376 1 0.05555555555555555 84 0.43429448190325176 21.0 1
3194-3428 1 0.07142857142857142 36 0.3789231816899512 15.0 1
3194-3458 1 0.04 168 0.9102392266268373 41.0 1
3194-3478 1 0.047619047619047616 120 0.5138983423697507 37.0 1
3194-3517 2 0.06666666666666667 240 0.6636188609460689 46.0 1
3194-3524 5 0.09433962264150944 552 3.7105070071525916 78.0 1
3194-3534 1 0.0625 60 0.2611892565642242 22.0 1
3194-3841 1 0.07692307692307693 24 0.2611892565642242 18.0 1
3195-3169 0 0.0 64 0 16.0 1
3195-3209 0 0.0 32 0 11.0 1
3195-3230 0 0.0 56 0 15.0 1
3195-3327 0 0.0 8 0 8.0 1
3195-3373 0 0.0 8 0 8.0 1
3195-3491 0 0.0 88 0 22.0 1
3195-3524 0 0.0 368 0 59.0 1
3195-3792 0 0.0 8 0 8.0 1
3196-3210 0 0.0 11 0 11.0 1
3197-3203 0 0.0 1 0 1.0 1
3198-3218 1 0.05555555555555555 70 0.4170323914242463 24.0 1
3198-3238 0 0.0 10 0 6.0 1
3198-3409 0 0.0 45 0 17.0 1
3198-3491 1 0.06666666666666667 55 0.3789231816899512 19.0 1
3198-3534 0 0.0 25 0 11.0 1
3199-3804 0 0.0 16 0 16.0 1
3203-3197 0 0.0 1 0 1.0 1
3206-3157 0 0.0 6 0 4.0 1
3206-3172 0 0.0 3 0 3.0 1
3206-3190 0 0.0 6 0 4.0 1
3207-3127 0 0.0 18 0 9.0 1
3207-3185 0 0.0 6 0 6.0 1
3207-3491 0 0.0 66 0 20.0 1
3207-3524 0 0.0 276 0 56.0 1
3207-3700 0 0.0 6 0 6.0 1
3207-3953 0 0.0 12 0 7.0 1
3208-3232 0 0.0 8 0 8.0 1
3209-3173 0 0.0 20 0 9.0 1
3209-3195 0 0.0 32 0 11.0 1
3209-3447 0 0.0 44 0 15.0 1
3209-3521 0 0.0 8 0 5.0 1
3210-3168 0 0.0 11 0 11.0 1
3210-3171 0 0.0 33 0 16.0 1
3210-3177 0 0.0 22 0 14.0 1
3210-3187 0 0.0 11 0 11.0 1
3210-3188 0 0.0 11 0 11.0 1
3210-3196 0 0.0 11 0 11.0 1
3210-3217 1 0.08333333333333333 22 0.48089834696298783 14.0 1
3210-3218 2 0.08695652173913043 154 0.9947966893327386 32.0 1
3210-3220 2 0.11764705882352941 88 1.8216182225789146 23.0 1
3210-3229 0 0.0 22 0 12.0 1
3210-3559 1 0.058823529411764705 77 0.3789231816899512 21.0 1
3211-3113 0 0.0 6 0 6.0 1
3212-3492 0 0.0 12 0 12.0 1
3213-3483 0 0.0 15 0 15.0 1
3216-3100 1 0.02857142857142857 68 0.2611892565642242 50.0 1
3216-3524 1 0.02127659574468085 92 0.2835784920513334 62.0 1
3217-3210 1 0.08333333333333333 22 0.48089834696298783 14.0 1
3217-3220 1 0.1111111111111111 16 0.4170323914242463 11.0 1
3218-3047 1 0.047619047619047616 112 0.2835784920513334 32.0 1
3218-3100 5 0.11627906976744186 476 2.4300329818005366 83.0 1
3218-3192 0 0.0 28 0 18.0 1
3218-3198 1 0.05555555555555555 70 0.4170323914242463 24.0 1
3218-3210 2 0.08695652173913043 154 0.9947966893327386 32.0 1
3218-3220 3 0.15789473684210525 112 1.6879453782733247 31.0 1
3218-3228 1 0.043478260869565216 140 0.2611892565642242 34.0 1
3218-3491 3 0.13636363636363635 154 1.418811768980696 39.0 1
3218-3504 2 0.13333333333333333 42 0.7644768390143213 24.0 1
3218-3524 2 0.034482758620689655 644 0.7178729739545852 98.0 1
3218-3559 2 0.10526315789473684 98 0.8340647828484926 28.0 1
3218-3804 2 0.07142857142857142 224 0.7644768390143213 47.0 1
3218-3860 0 0.0 42 0 17.0 1
3218-3915 0 0.0 28 0 15.0 1
3220-3180 0 0.0 24 0 12.0 1
3220-3194 0 0.0 96 0 22.0 1
3220-3210 2 0.11764705882352941 88 1.8216182225789146 23.0 1
3220-3217 1 0.1111111111111111 16 0.4170323914242463 11.0 1
3220-3218 3 0.15789473684210525 112 1.6879453782733247 31.0 1
3220-3488 1 0.1 24 0.36067376022224085 12.0 1
3220-3504 1 0.1 24 0.3789231816899512 15.0 1
3220-3804 2 0.09090909090909091 128 1.2891624083167885 30.0 1
3221-3053 0 0.0 60 0 15.0 1
3221-3100 3 0.07317073170731707 340 1.0744069201574271 70.0 1
3221-3169 0 0.0 80 0 20.0 1
3221-3171 1 0.08333333333333333 30 0.2611892565642242 16.0 1
3221-3228 1 0.05263157894736842 100 0.2611892565642242 31.0 1
3221-3458 1 0.043478260869565216 140 0.2835784920513334 36.0 1
3221-3478 1 0.05263157894736842 100 0.2835784920513334 32.0 1
3221-3524 3 0.05660377358490566 460 1.6281122005814224 80.0 1
3221-3559 0 0.0 70 0 21.0 1
3221-3856 0 0.0 10 0 10.0 1
3222-3100 3 0.0625 578 1.2302500550174493 67.0 1
3222-3102 0 0.0 153 0 26.0 1
3222-3113 0 0.0 102 0 27.0 1
3222-3179 0 0.0 51 0 20.0 1
3222-3192 0 0.0 34 0 21.0 1
3222-3228 0 0.0 170 0 36.0 1
3222-3400 0 0.0 17 0 17.0 1
3222-3439 0 0.0 85 0 25.0 1
3222-3458 1 0.03333333333333333 238 0.2835784920513334 46.0 1
3222-3478 1 0.038461538461538464 170 0.2835784920513334 43.0 1
3222-3491 1 0.037037037037037035 187 0.2835784920513334 33.0 1
3222-3619 0 0.0 34 0 18.0 1
3222-3622 0 0.0 34 0 20.0 1
3222-3686 0 0.0 34 0 19.0 1
3222-3728 0 0.0 153 0 29.0 1
3222-3927 0 0.0 34 0 19.0 1
3222-3972 0 0.0 17 0 17.0 1
3224-3098 0 0.0 3 0 3.0 1
3226-3230 0 0.0 28 0 14.0 1
3226-3238 0 0.0 8 0 5.0 1
3226-3423 1 0.125 20 0.4170323914242463 13.0 1
3226-3447 1 0.07142857142857142 44 0.6213349345596119 19.0 1
3228-3081 1 0.047619047619047616 120 0.2611892565642242 35.0 1
3228-3218 1 0.043478260869565216 140 0.2611892565642242 34.0 1
3228-3221 1 0.05263157894736842 100 0.2611892565642242 31.0 1
3228-3222 0 0.0 170 0 36.0 1
3228-3232 0 0.0 80 0 20.0 1
3228-3341 0 0.0 10 0 10.0 1
3228-3524 3 0.05660377358490566 460 1.2156472679750476 70.0 1
3228-3547 0 0.0 90 0 19.0 1
3228-3870 0 0.0 20 0 11.0 1
3228-3918 0 0.0 10 0 10.0 1
3229-3173 0 0.0 10 0 6.0 1
3229-3210 0 0.0 22 0 12.0 1
3230-3113 0 0.0 42 0 17.0 1
3230-3190 0 0.0 14 0 8.0 1
3230-3195 0 0.0 56 0 15.0 1
3230-3226 0 0.0 28 0 14.0 1
3230-3458 0 0.0 98 0 33.0 1
3230-3478 0 0.0 70 0 29.0 1
3230-3517 0 0.0 140 0 30.0 1
3231-3153 0 0.0 10 0 6.0 1
3231-3512 0 0.0 35 0 11.0 1
3231-3558 0 0.0 70 0 18.0 1
3231-3732 0 0.0 5 0 5.0 1
3231-3953 0 0.0 10 0 6.0 1
3232-3155 0 0.0 8 0 8.0 1
3232-3169 0 0.0 64 0 16.0 1
3232-3208 0 0.0 8 0 8.0 1
3232-3228 0 0.0 80 0 20.0 1
3232-3236 0 0.0 8 0 8.0 1
3232-3340 0 0.0 8 0 8.0 1
3232-3376 0 0.0 56 0 15.0 1
3232-3483 0 0.0 120 0 25.0 1
3235-3280 0 0.0 1 0 1.0 1
3236-3232 0 0.0 8 0 8.0 1
3238-3198 0 0.0 10 0 6.0 1
3238-3226 0 0.0 8 0 5.0 1
3257-3278 0 0.0 6 0 6.0 1
3260-3278 0 0.0 6 0 6.0 1
3262-3278 0 0.0 6 0 6.0 1
3266-3547 0 0.0 9 0 9.0 1
3268-3127 0 0.0 3 0 3.0 1
3278-3102 0 0.0 54 0 14.0 1
3278-3169 0 0.0 48 0 13.0 1
3278-3257 0 0.0 6 0 6.0 1
3278-3260 0 0.0 6 0 6.0 1
3278-3262 0 0.0 6 0 6.0 1
3278-3649 0 0.0 18 0 8.0 1
3280-3235 0 0.0 1 0 1.0 1
3282-3294 0 0.0 1 0 1.0 1
3284-3346 0 0.0 1 0 1.0 1
3291-3306 0 0.0 2 0 2.0 1
3294-3282 0 0.0 1 0 1.0 1
3305-3180 0 0.0 6 0 4.0 1
3305-3376 0 0.0 14 0 8.0 1
3306-3291 0 0.0 2 0 2.0 1
3306-3308 0 0.0 4 0 3.0 1
3307-3404 0 0.0 6 0 4.0 1
3307-3545 0 0.0 4 0 3.0 1
3308-3169 0 0.0 16 0 9.0 1
3308-3306 0 0.0 4 0 3.0 1
3311-3472 0 0.0 1 0 1.0 1
3315-3814 0 0.0 1 0 1.0 1
3320-3324 0 0.0 2 0 2.0 1
3322-3334 0 0.0 1 0 1.0 1
3324-3320 0 0.0 2 0 2.0 1
3324-3331 0 0.0 2 0 2.0 1
3327-3195 0 0.0 8 0 8.0 1
3328-3337 0 0.0 1 0 1.0 1
3331-3324 0 0.0 2 0 2.0 1
3334-3322 0 0.0 1 0 1.0 1
3337-3328 0 0.0 1 0 1.0 1
3340-3232 0 0.0 8 0 8.0 1
3341-3228 0 0.0 10 0 10.0 1
3342-3353 0 0.0 1 0 1.0 1
3346-3284 0 0.0 1 0 1.0 1
3353-3342 0 0.0 1 0 1.0 1
3354-3770 1 0.25 6 0.31465798044412485 6.0 1
3354-3849 1 0.04 48 0.9102392266268373 27.0 1
3355-3539 0 0.0 5 0 5.0 1
3356-3479 0 0.0 116 0 59.0 1
3356-3484 0 0.0 2 0 2.0 1
3359-3440 0 0.0 6 0 4.0 1
3359-3446 0 0.0 2 0 2.0 1
3361-3413 1 0.08333333333333333 30 0.40242960438184466 16.0 1
3361-3492 1 0.07142857142857142 36 0.43429448190325176 18.0 1
3361-3603 0 0.0 3 0 3.0 1
3364-3547 0 0.0 9 0 9.0 1
3370-3573 0 0.0 16 0 16.0 1
3370-3602 1 0.1 24 0.31465798044412485 21.0 1
3370-3745 2 0.125 80 0.9481928242730024 37.0 1
3370-3766 1 0.1 24 0.43429448190325176 21.0 1
3370-3808 1 0.07692307692307693 48 0.31465798044412485 25.0 1
3370-3849 4 0.14285714285714285 192 2.416542677451087 52.0 1
3370-3883 3 0.25 56 1.1832469442506284 33.0 1
3370-3974 4 0.2857142857142857 80 2.1730900313439645 36.0 1
3371-3458 0 0.0 28 0 16.0 1
3371-3849 0 0.0 48 0 26.0 1
3372-3016 0 0.0 9 0 5.0 1
3372-3186 0 0.0 6 0 4.0 1
3372-3447 0 0.0 33 0 13.0 1
3373-3195 0 0.0 8 0 8.0 1
3376-3102 0 0.0 63 0 17.0 1
3376-3194 1 0.05555555555555555 84 0.43429448190325176 21.0 1
3376-3232 0 0.0 56 0 15.0 1
3376-3305 0 0.0 14 0 8.0 1
3376-3389 1 0.125 14 0.45511961331341866 10.0 1
3376-3414 2 0.14285714285714285 63 1.876989522792215 21.0 1
3376-3478 2 0.13333333333333333 70 0.8575492176952633 20.0 1
3378-3413 2 0.16666666666666666 40 0.7716989774506997 23.0 1
3378-3414 2 0.18181818181818182 36 0.7716989774506997 20.0 1
3378-3483 2 0.11764705882352941 60 0.8894140952166705 24.0 1
3378-3492 2 0.14285714285714285 48 0.8894140952166705 25.0 1
3382-3396 0 0.0 1 0 1.0 1
3389-3376 1 0.125 14 0.45511961331341866 10.0 1
3389-3414 1 0.1 18 0.5138983423697507 12.0 1
3391-3480 0 0.0 1 0 1.0 1
3393-3479 0 0.0 58 0 58.0 1
3396-3382 0 0.0 1 0 1.0 1
3400-3222 0 0.0 17 0 17.0 1
3402-3429 0 0.0 2 0 2.0 1
3402-3610 0 0.0 6 0 4.0 1
3404-3100 0 0.0 102 0 41.0 1
3404-3307 0 0.0 6 0 4.0 1
3404-3479 0 0.0 174 0 65.0 1
3406-3483 0 0.0 30 0 16.0 1
3406-3522 0 0.0 6 0 4.0 1
3408-3102 0 0.0 9 0 9.0 1
3409-3100 3 0.075 306 1.01657498481083 87.0 1
3409-3198 0 0.0 45 0 17.0 1
3409-3413 1 0.05555555555555555 90 0.40242960438184466 33.0 1
3409-3414 1 0.058823529411764705 81 0.40242960438184466 30.0 1
3409-3492 4 0.23529411764705882 108 1.4341818438322278 34.0 1
3409-3524 3 0.057692307692307696 414 1.0389642202979392 85.0 1
3409-3571 0 0.0 36 0 18.0 1
3409-3696 2 0.08333333333333333 153 0.5447677486155575 50.0 1
3409-3942 0 0.0 45 0 16.0 1
3411-3010 0 0.0 3 0 3.0 1
3413-3361 1 0.08333333333333333 30 0.40242960438184466 16.0 1
3413-3378 2 0.16666666666666666 40 0.7716989774506997 23.0 1
3413-3409 1 0.05555555555555555 90 0.40242960438184466 33.0 1
3413-3439 1 0.07142857142857142 50 0.40242960438184466 21.0 1
3413-3458 0 0.0 140 0 39.0 1
3413-3478 0 0.0 100 0 35.0 1
3413-3483 1 0.041666666666666664 150 0.7213475204444817 37.0 1
3413-3485 0 0.0 10 0 10.0 1
3413-3492 4 0.2222222222222222 120 2.7080412949443495 38.0 1
3413-3547 0 0.0 90 0 18.0 1
3414-3376 2 0.14285714285714285 63 1.876989522792215 21.0 1
3414-3378 2 0.18181818181818182 36 0.7716989774506997 20.0 1
3414-3389 1 0.1 18 0.5138983423697507 12.0 1
3414-3409 1 0.058823529411764705 81 0.40242960438184466 30.0 1
3414-3458 0 0.0 126 0 38.0 1
3414-3478 1 0.05555555555555555 90 0.5138983423697507 36.0 1
3414-3483 1 0.043478260869565216 135 0.7213475204444817 37.0 1
3414-3492 2 0.10526315789473684 108 1.1764671337579005 34.0 1
3414-3494 0 0.0 18 0 11.0 1
3423-3009 0 0.0 20 0 8.0 1
3423-3226 1 0.125 20 0.4170323914242463 13.0 1
3423-3447 3 0.23076923076923078 55 1.5345651840376846 18.0 1
3423-3458 1 0.05555555555555555 70 0.4170323914242463 29.0 1
3423-3478 1 0.07142857142857142 50 0.4170323914242463 25.0 1
3426-3462 0 0.0 4 0 3.0 1
3426-3547 0 0.0 18 0 10.0 1
3427-3435 0 0.0 2 0 2.0 1
3428-3194 1 0.07142857142857142 36 0.3789231816899512 15.0 1
3428-3458 1 0.0625 42 0.40242960438184466 17.0 1
3428-3870 0 0.0 6 0 4.0 1
3429-3402 0 0.0 2 0 2.0 1
3430-3515 0 0.0 39 0 15.0 1
3430-3785 0 0.0 3 0 3.0 1
3430-3983 0 0.0 3 0 3.0 1
3431-3459 0 0.0 5 0 5.0 1
3433-3531 0 0.0 24 0 14.0 1
3433-3574 1 0.07142857142857142 36 0.48089834696298783 15.0 1
3433-3582 1 0.05263157894736842 96 0.9102392266268373 23.0 1
3433-3676 0 0.0 48 0 18.0 1
3433-3709 0 0.0 24 0 14.0 1
3433-3728 0 0.0 108 0 27.0 1
3433-3734 0 0.0 72 0 19.0 1
3433-3791 0 0.0 72 0 21.0 1
3433-3803 0 0.0 24 0 15.0 1
3433-3913 0 0.0 24 0 15.0 1
3433-3922 0 0.0 36 0 15.0 1
3433-3961 0 0.0 24 0 15.0 1
3435-3427 0 0.0 2 0 2.0 1
3435-3559 0 0.0 14 0 8.0 1
3436-3492 0 0.0 12 0 12.0 1
3438-3447 0 0.0 11 0 11.0 1
3439-3047 1 0.08333333333333333 40 0.40242960438184466 16.0 1
3439-3222 0 0.0 85 0 25.0 1
3439-3413 1 0.07142857142857142 50 0.40242960438184466 21.0 1
3439-3492 2 0.13333333333333333 60 0.9151928288662396 23.0 1
3439-3510 0 0.0 5 0 5.0 1
3440-3179 0 0.0 9 0 5.0 1
3440-3359 0 0.0 6 0 4.0 1
3440-3547 0 0.0 27 0 11.0 1
3446-3359 0 0.0 2 0 2.0 1
3447-3209 0 0.0 44 0 15.0 1
3447-3226 1 0.07142857142857142 44 0.6213349345596119 19.0 1
3447-3372 0 0.0 33 0 13.0 1
3447-3423 3 0.23076923076923078 55 1.5345651840376846 18.0 1
3447-3438 0 0.0 11 0 11.0 1
3447-3458 1 0.041666666666666664 154 0.6213349345596119 37.0 1
3447-3478 1 0.05 110 0.6213349345596119 33.0 1
3447-3498 0 0.0 11 0 11.0 1
3447-3622 0 0.0 22 0 14.0 1
3447-3696 0 0.0 187 0 30.0 1
3447-3864 0 0.0 11 0 11.0 1
3448-3016 0 0.0 3 0 3.0 1
3451-3081 2 0.14285714285714285 48 0.5447677486155575 30.0 1
3451-3100 3 0.08571428571428572 136 1.1187384742594877 61.0 1
3451-3524 3 0.06382978723404255 184 1.1411277097465966 78.0 1
3451-3825 2 0.18181818181818182 36 0.5447677486155575 26.0 1
3453-3479 0 0.0 116 0 60.0 1
3453-3909 0 0.0 12 0 8.0 1
3454-3490 0 0.0 2 0 2.0 1
3458-3100 2 0.043478260869565216 476 0.7872506057680129 69.0 1
3458-3140 0 0.0 98 0 22.0 1
3458-3194 1 0.04 168 0.9102392266268373 41.0 1
3458-3221 1 0.043478260869565216 140 0.2835784920513334 36.0 1
3458-3222 1 0.03333333333333333 238 0.2835784920513334 46.0 1
3458-3230 0 0.0 98 0 33.0 1
3458-3371 0 0.0 28 0 16.0 1
3458-3413 0 0.0 140 0 39.0 1
3458-3414 0 0.0 126 0 38.0 1
3458-3423 1 0.05555555555555555 70 0.4170323914242463 29.0 1
3458-3428 1 0.0625 42 0.40242960438184466 17.0 1
3458-3447 1 0.041666666666666664 154 0.6213349345596119 37.0 1
3458-3683 0 0.0 14 0 14.0 1
3458-3808 0 0.0 84 0 21.0 1
3459-3081 2 0.13333333333333333 60 0.713629884087002 24.0 1
3459-3431 0 0.0 5 0 5.0 1
3459-3491 0 0.0 55 0 19.0 1
3459-3696 2 0.1 85 0.7631033646040855 30.0 1
3459-3804 2 0.10526315789473684 80 0.7553857282466059 29.0 1
3462-3132 0 0.0 2 0 2.0 1
3462-3426 0 0.0 4 0 3.0 1
3464-3753 0 0.0 1 0 1.0 1
3466-3552 0 0.0 17 0 17.0 1
3472-3311 0 0.0 1 0 1.0 1
3478-3100 2 0.047619047619047616 340 0.7872506057680129 64.0 1
3478-3194 1 0.047619047619047616 120 0.5138983423697507 37.0 1
3478-3221 1 0.05263157894736842 100 0.2835784920513334 32.0 1
3478-3222 1 0.038461538461538464 170 0.2835784920513334 43.0 1
3478-3230 0 0.0 70 0 29.0 1
3478-3376 2 0.13333333333333333 70 0.8575492176952633 20.0 1
3478-3413 0 0.0 100 0 35.0 1
3478-3414 1 0.05555555555555555 90 0.5138983423697507 36.0 1
3478-3423 1 0.07142857142857142 50 0.4170323914242463 25.0 1
3478-3447 1 0.05 110 0.6213349345596119 33.0 1
3479-3117 1 0.016666666666666666 174 0.2611892565642242 72.0 1
3479-3120 1 0.01694915254237288 116 0.43429448190325176 67.0 1
3479-3356 0 0.0 116 0 59.0 1
3479-3393 0 0.0 58 0 58.0 1
3479-3404 0 0.0 174 0 65.0 1
3479-3453 0 0.0 116 0 60.0 1
3479-3524 7 0.07216494845360824 2668 3.486414501548507 156.0 1
3479-3569 1 0.01639344262295082 232 0.31465798044412485 81.0 1
3479-3571 1 0.01639344262295082 232 0.36926937306885504 68.0 1
3479-3573 0 0.0 116 0 66.0 1
3479-3578 0 0.0 58 0 58.0 1
3479-3579 0 0.0 58 0 58.0 1
3479-3593 0 0.0 58 0 58.0 1
3479-3602 1 0.016666666666666666 174 0.31465798044412485 79.0 1
3479-3605 1 0.015873015873015872 348 0.31465798044412485 85.0 1
3479-3609 1 0.01694915254237288 116 0.31465798044412485 71.0 1
3479-3610 0 0.0 174 0 60.0 1
3479-3611 0 0.0 58 0 58.0 1
3479-3642 0 0.0 58 0 58.0 1
3479-3652 0 0.0 116 0 61.0 1
3479-3654 0 0.0 58 0 58.0 1
3479-3674 0 0.0 58 0 58.0 1
3479-3675 0 0.0 58 0 58.0 1
3479-3676 2 0.03333333333333333 232 0.8894140952166705 73.0 1
3479-3680 1 0.01694915254237288 116 0.43429448190325176 65.0 1
3479-3684 1 0.015151515151515152 522 0.6213349345596119 71.0 1
3479-3697 0 0.0 58 0 58.0 1
3479-3711 0 0.0 58 0 58.0 1
3479-3728 4 0.06349206349206349 522 1.4990475934395826 102.0 1
3479-3729 1 0.016666666666666666 174 0.31465798044412485 73.0 1
3479-3740 4 0.05714285714285714 928 1.4652613322250194 131.0 1
3479-3745 8 0.13333333333333333 580 4.731592614114214 107.0 1
3479-3751 0 0.0 58 0 58.0 1
3479-3760 0 0.0 174 0 61.0 1
3479-3766 1 0.016666666666666666 174 0.43429448190325176 73.0 1
3479-3803 0 0.0 116 0 61.0 1
3479-3808 1 0.015873015873015872 348 0.31465798044412485 88.0 1
3479-3812 6 0.0967741935483871 580 3.7961627391194277 101.0 1
3479-3825 4 0.06349206349206349 522 1.9645454717905586 92.0 1
3479-3831 0 0.0 58 0 58.0 1
3479-3843 2 0.03333333333333333 232 0.7489524623473767 84.0 1
3479-3844 0 0.0 58 0 58.0 1
3479-3849 12 0.17142857142857143 1392 7.826440111096815 130.0 1
3479-3860 1 0.016666666666666666 174 0.6213349345596119 63.0 1
3479-3874 0 0.0 58 0 58.0 1
3479-3875 0 0.0 116 0 63.0 1
3479-3883 4 0.06557377049180328 406 1.61754142615388 104.0 1
3479-3884 0 0.0 290 0 67.0 1
3479-3890 0 0.0 58 0 58.0 1
3479-3900 6 0.08955223880597014 870 2.7405398360318802 126.0 1
3479-3904 2 0.03278688524590164 290 1.365358839940256 67.0 1
3479-3924 0 0.0 58 0 58.0 1
3479-3926 0 0.0 58 0 58.0 1
3479-3927 0 0.0 116 0 60.0 1
3479-3935 0 0.0 58 0 58.0 1
3479-3949 2 0.03278688524590164 290 0.7163088698776429 73.0 1
3479-3973 0 0.0 58 0 58.0 1
3479-3974 6 0.0967741935483871 580 2.9974790177262385 111.0 1
3480-3391 0 0.0 1 0 1.0 1
3481-3929 0 0.0 1 0 1.0 1
3483-3081 3 0.125 180 0.8785759493108916 46.0 1
3483-3100 2 0.0425531914893617 510 0.6636188609460689 82.0 1
3483-3179 0 0.0 45 0 18.0 1
3483-3213 0 0.0 15 0 15.0 1
3483-3232 0 0.0 120 0 25.0 1
3483-3378 2 0.11764705882352941 60 0.8894140952166705 24.0 1
3483-3406 0 0.0 30 0 16.0 1
3483-3413 1 0.041666666666666664 150 0.7213475204444817 37.0 1
3483-3414 1 0.043478260869565216 135 0.7213475204444817 37.0 1
3483-3488 0 0.0 45 0 19.0 1
3483-3515 2 0.07692307692307693 195 0.7508405921195804 44.0 1
3483-3517 4 0.12903225806451613 300 1.4705224976215951 56.0 1
3483-3520 2 0.08333333333333333 165 0.7236794459466142 39.0 1
3483-3524 4 0.07017543859649122 690 2.4625113380174755 98.0 1
3483-3731 1 0.0625 30 0.2611892565642242 20.0 1
3484-3356 0 0.0 2 0 2.0 1
3485-3413 0 0.0 10 0 10.0 1
3488-3220 1 0.1 24 0.36067376022224085 12.0 1
3488-3483 0 0.0 45 0 19.0 1
3488-3804 1 0.05555555555555555 48 0.48089834696298783 22.0 1
3490-3454 0 0.0 2 0 2.0 1
3490-3512 0 0.0 14 0 8.0 1
3491-3100 2 0.046511627906976744 374 0.7318793055547124 62.0 1
3491-3195 0 0.0 88 0 22.0 1
3491-3198 1 0.06666666666666667 55 0.3789231816899512 19.0 1
3491-3207 0 0.0 66 0 20.0 1
3491-3218 3 0.13636363636363635 154 1.418811768980696 39.0 1
3491-3222 1 0.037037037037037035 187 0.2835784920513334 33.0 1
3491-3459 0 0.0 55 0 19.0 1
3491-3550 1 0.06666666666666667 55 0.3789231816899512 19.0 1
3491-3555 1 0.04 165 0.3789231816899512 39.0 1
3491-3558 2 0.08695652173913043 154 0.990604307628467 32.0 1
3491-3559 1 0.058823529411764705 77 0.3789231816899512 24.0 1
3492-3047 2 0.1111111111111111 96 0.9049134266109453 30.0 1
3492-3100 3 0.06976744186046512 408 1.1972072168406307 77.0 1
3492-3212 0 0.0 12 0 12.0 1
3492-3361 1 0.07142857142857142 36 0.43429448190325176 18.0 1
3492-3378 2 0.14285714285714285 48 0.8894140952166705 25.0 1
3492-3409 4 0.23529411764705882 108 1.4341818438322278 34.0 1
3492-3413 4 0.2222222222222222 120 2.7080412949443495 38.0 1
3492-3414 2 0.10526315789473684 108 1.1764671337579005 34.0 1
3492-3436 0 0.0 12 0 12.0 1
3492-3439 2 0.13333333333333333 60 0.9151928288662396 23.0 1
3492-3524 2 0.03571428571428571 552 0.7386981053647521 84.0 1
3492-3563 0 0.0 12 0 12.0 1
3493-3186 0 0.0 2 0 2.0 1
3494-3102 0 0.0 18 0 11.0 1
3494-3414 0 0.0 18 0 11.0 1
3498-3447 0 0.0 11 0 11.0 1
3500-3512 0 0.0 7 0 7.0 1
3501-3930 0 0.0 1 0 1.0 1
3504-3100 1 0.027777777777777776 102 0.3789231816899512 43.0 1
3504-3218 2 0.13333333333333333 42 0.7644768390143213 24.0 1
3504-3220 1 0.1 24 0.3789231816899512 15.0 1
3506-3526 0 0.0 3 0 3.0 1
3507-3514 1 0.14285714285714285 12 0.36926937306885504 12.0 1
3507-3555 1 0.0625 30 0.5581106265512472 21.0 1
3508-3527 1 0.05555555555555555 60 0.7213475204444817 21.0 1
3508-3543 1 0.14285714285714285 16 0.36926937306885504 10.0 1
3508-3553 0 0.0 4 0 4.0 1
3508-3562 0 0.0 8 0 5.0 1
3509-3515 6 0.42857142857142855 91 2.4100998972943946 57.0 1
3509-3517 4 0.17391304347826086 140 1.5291291336091426 63.0 1
3509-3520 6 0.5 77 2.382938751121429 50.0 1
3509-3527 6 0.375 105 2.43070176947682 60.0 1
