pair common_neigh jaccard pref_attach adamic sp_3 class
0-4 0 0.0 817 0 7.0 0
0-5 0 0.0 133 0 5.0 0
0-6 0 0.0 760 0 1.0 0
0-7 0 0.0 1026 0 13.0 0
0-8 0 0.0 1273 0 4.0 0
0-9 0 0.0 665 0 2.0 0
0-10 0 0.0 893 0 4.0 0
0-11 0 0.0 817 0 1.0 0
0-12 0 0.0 703 0 3.0 0
0-13 1 0.01694915254237288 779 0.2729584204093974 33.0 0
0-14 0 0.0 418 0 2.0 0
0-15 0 0.0 1045 0 2.0 0
0-16 0 0.0 1273 0 3.0 0
0-17 1 0.02127659574468085 551 0.3898712452512801 37.0 0
0-18 0 0.0 76 0 3.0 0
0-19 0 0.0 760 0 29.0 0
0-21 1 0.017857142857142856 722 0.2729584204093974 39.0 0
0-22 0 0.0 1178 0 3.0 0
0-23 5 0.08620689655172414 836 1.7088166699909075 95.0 0
0-24 0 0.0 912 0 3.0 0
0-25 0 0.0 627 0 3.0 0
0-26 0 0.0 342 0 47.0 0
0-27 0 0.0 1026 0 4.0 0
0-29 0 0.0 114 0 3.0 0
0-31 0 0.0 950 0 3.0 0
0-33 0 0.0 513 0 2.0 0
0-34 0 0.0 1102 0 6.0 0
0-37 0 0.0 1083 0 2.0 0
0-38 0 0.0 1178 0 4.0 0
0-39 1 0.015384615384615385 893 0.2729584204093974 38.0 0
0-40 0 0.0 247 0 3.0 0
0-42 0 0.0 171 0 16.0 0
0-43 2 0.047619047619047616 475 0.6753317406663657 62.0 0
0-45 0 0.0 342 0 16.0 0
0-47 0 0.0 1178 0 2.0 0
0-48 0 0.0 1463 0 2.0 0
0-49 0 0.0 1254 0 2.0 0
0-50 0 0.0 114 0 3.0 0
0-52 0 0.0 266 0 5.0 0
0-53 0 0.0 513 0 2.0 0
0-54 0 0.0 76 0 3.0 0
0-55 1 0.016129032258064516 836 0.2729584204093974 34.0 0
0-56 2 0.03333333333333333 817 0.6422277934782524 40.0 0
0-57 1 0.015625 874 0.2729584204093974 36.0 0
0-58 0 0.0 1330 0 3.0 0
0-59 0 0.0 57 0 1.0 0
0-60 0 0.0 665 0 2.0 0
0-61 5 0.078125 950 1.8357183118333076 97.0 0
0-63 0 0.0 380 0 1.0 0
0-64 0 0.0 1102 0 1.0 0
0-65 0 0.0 1558 0 4.0 0
0-66 6 0.2608695652173913 190 2.1068253780943365 66.0 0
0-67 0 0.0 551 0 55.0 0
0-68 0 0.0 171 0 3.0 0
0-69 0 0.0 1368 0 2.0 0
0-70 3 0.04838709677419355 874 0.9525611695354392 41.0 0
0-72 2 0.06896551724137931 228 0.6542812523392334 33.0 0
0-73 0 0.0 418 0 49.0 0
0-75 0 0.0 988 0 1.0 0
0-77 0 0.0 874 0 1.0 0
0-78 0 0.0 437 0 2.0 0
0-79 1 0.025 418 0.3789231816899512 17.0 0
0-80 0 0.0 1311 0 2.0 0
0-81 0 0.0 855 0 32.0 0
0-82 0 0.0 798 0 32.0 0
0-83 0 0.0 779 0 63.0 0
0-84 1 0.015625 874 0.2729584204093974 34.0 0
0-85 0 0.0 190 0 1.0 0
0-86 0 0.0 589 0 1.0 0
0-87 0 0.0 1368 0 3.0 0
0-88 0 0.0 1083 0 2.0 0
0-90 1 0.010416666666666666 1482 0.318928988903801 12.0 0
0-91 2 0.03333333333333333 817 0.6542812523392334 48.0 0
0-94 0 0.0 893 0 34.0 0
0-96 0 0.0 1007 0 3.0 0
0-98 0 0.0 133 0 11.0 0
0-100 0 0.0 874 0 3.0 0
0-101 0 0.0 741 0 4.0 0
0-102 0 0.0 893 0 31.0 0
0-103 4 0.0784313725490196 684 1.3298934883009563 84.0 0
0-104 1 0.022222222222222223 513 0.2729584204093974 29.0 0
0-105 0 0.0 228 0 1.0 0
0-107 1 0.015625 874 0.2729584204093974 35.0 0
0-108 1 0.010869565217391304 1406 0.2729584204093974 42.0 0
0-110 0 0.0 760 0 3.0 0
0-111 1 0.014705882352941176 950 0.2729584204093974 40.0 0
0-112 0 0.0 1273 0 3.0 0
0-113 0 0.0 760 0 30.0 0
0-114 0 0.0 665 0 16.0 0
0-115 0 0.0 475 0 21.0 0
0-116 0 0.0 133 0 4.0 0
0-117 1 0.0196078431372549 627 0.36067376022224085 62.0 0
0-118 0 0.0 1064 0 40.0 0
0-119 0 0.0 912 0 1.0 0
0-120 0 0.0 95 0 1.0 0
0-122 5 0.22727272727272727 152 2.128114636849479 44.0 0
0-123 0 0.0 608 0 18.0 0
0-126 3 0.0625 608 0.9442544366277317 77.0 0
0-127 0 0.0 1083 0 2.0 0
0-128 1 0.014705882352941176 950 0.2729584204093974 33.0 0
0-129 0 0.0 114 0 1.0 0
0-130 1 0.022222222222222223 513 0.31066746727980593 44.0 0
0-131 2 0.03508771929824561 760 0.7915658142427937 71.0 0
0-132 0 0.0 665 0 27.0 0
0-133 0 0.0 456 0 12.0 0
0-134 1 0.013888888888888888 1026 0.2729584204093974 49.0 0
0-135 0 0.0 133 0 11.0 0
0-136 1 0.017857142857142856 722 0.36067376022224085 32.0 0
0-137 0 0.0 1539 0 2.0 0
0-138 1 0.014925373134328358 931 0.2729584204093974 34.0 0
0-140 0 0.0 57 0 1.0 0
0-142 0 0.0 304 0 5.0 0
0-144 1 0.022727272727272728 494 0.31066746727980593 53.0 0
0-145 0 0.0 1083 0 2.0 0
0-146 2 0.05555555555555555 361 0.688198361972656 36.0 0
0-147 4 0.19047619047619047 114 1.537609203684066 31.0 0
0-149 0 0.0 380 0 5.0 0
0-150 0 0.0 190 0 1.0 0
0-151 2 0.038461538461538464 665 0.6502907391749145 70.0 0
0-152 0 0.0 95 0 6.0 0
0-153 0 0.0 1330 0 3.0 0
0-155 2 0.05714285714285714 342 0.750545005473521 48.0 0
0-156 0 0.0 171 0 1.0 0
0-157 0 0.0 1159 0 5.0 0
0-158 3 0.05660377358490566 703 1.0151966929752108 80.0 0
0-159 0 0.0 285 0 7.0 0
0-160 0 0.0 152 0 12.0 0
0-162 1 0.015873015873015872 855 0.2729584204093974 35.0 0
0-163 0 0.0 1349 0 3.0 0
0-164 0 0.0 1064 0 3.0 0
0-165 1 0.01639344262295082 817 0.2729584204093974 35.0 0
0-166 0 0.0 741 0 26.0 0
0-168 0 0.0 361 0 6.0 0
0-169 1 0.027777777777777776 342 0.36926937306885504 29.0 0
0-170 0 0.0 1216 0 3.0 0
0-172 0 0.0 323 0 13.0 0
0-173 0 0.0 171 0 10.0 0
0-174 0 0.0 874 0 1.0 0
0-176 6 0.2222222222222222 266 2.1068253780943365 79.0 0
0-177 1 0.017543859649122806 741 0.2729584204093974 35.0 0
0-180 1 0.015625 874 0.2729584204093974 34.0 0
0-181 0 0.0 190 0 1.0 0
0-182 0 0.0 228 0 1.0 0
0-183 0 0.0 114 0 2.0 0
0-184 4 0.2 95 1.6253808276217858 31.0 0
0-186 1 0.038461538461538464 152 0.3898712452512801 6.0 0
0-189 0 0.0 247 0 6.0 0
0-190 0 0.0 133 0 2.0 0
0-191 5 0.18518518518518517 247 1.7375560050254815 74.0 0
0-192 0 0.0 190 0 6.0 0
0-194 0 0.0 266 0 1.0 0
0-195 1 0.015873015873015872 855 0.2729584204093974 36.0 0
0-196 0 0.0 114 0 4.0 0
0-198 5 0.10638297872340426 627 1.7045456615312313 80.0 0
0-199 0 0.0 76 0 2.0 0
0-201 1 0.018518518518518517 684 0.2729584204093974 27.0 0
0-202 1 0.014925373134328358 931 0.2729584204093974 35.0 0
0-203 0 0.0 380 0 5.0 0
0-204 1 0.016129032258064516 836 0.2729584204093974 34.0 0
0-205 0 0.0 190 0 4.0 0
0-206 1 0.015873015873015872 855 0.2729584204093974 33.0 0
0-210 0 0.0 76 0 1.0 0
0-215 0 0.0 171 0 5.0 0
0-216 0 0.0 304 0 3.0 0
0-218 0 0.0 361 0 33.0 0
0-219 1 0.016129032258064516 836 0.2729584204093974 34.0 0
0-220 2 0.08 152 0.6542812523392334 31.0 0
0-222 0 0.0 1197 0 2.0 0
0-223 0 0.0 437 0 26.0 0
0-224 0 0.0 209 0 5.0 0
0-226 0 0.0 171 0 2.0 0
0-228 0 0.0 798 0 2.0 0
0-230 0 0.0 133 0 4.0 0
0-231 1 0.05 38 0.40242960438184466 7.0 0
0-232 6 0.25 209 2.1068253780943365 72.0 0
0-233 2 0.10526315789473684 38 0.8048592087636893 13.0 0
0-234 1 0.02631578947368421 380 0.2729584204093974 10.0 0
0-235 0 0.0 741 0 7.0 0
0-237 0 0.0 247 0 1.0 0
0-238 0 0.0 817 0 31.0 0
0-239 0 0.0 1121 0 2.0 0
0-240 1 0.043478260869565216 95 0.48089834696298783 13.0 0
0-241 0 0.0 266 0 1.0 0
0-242 0 0.0 1140 0 3.0 0
0-243 0 0.0 209 0 1.0 0
0-244 1 0.016666666666666666 798 0.2729584204093974 31.0 0
0-245 1 0.030303030303030304 285 0.48089834696298783 4.0 0
0-246 1 0.01282051282051282 1140 0.2729584204093974 38.0 0
0-247 0 0.0 1368 0 3.0 0
0-248 0 0.0 1121 0 5.0 0
0-249 0 0.0 1615 0 5.0 0
0-250 0 0.0 1710 0 6.0 0
0-251 0 0.0 646 0 2.0 0
0-252 1 0.010752688172043012 1425 0.2729584204093974 12.0 0
0-253 0 0.0 1216 0 3.0 0
0-254 0 0.0 456 0 3.0 0
0-255 0 0.0 1273 0 6.0 0
0-256 0 0.0 1197 0 2.0 0
0-258 0 0.0 589 0 3.0 0
0-259 0 0.0 95 0 2.0 0
0-260 1 0.018867924528301886 665 0.31465798044412485 67.0 0
0-261 3 0.13043478260869565 133 1.0192260210211503 35.0 0
0-263 0 0.0 95 0 1.0 0
0-264 0 0.0 722 0 29.0 0
0-267 0 0.0 456 0 1.0 0
0-269 1 0.016129032258064516 836 0.318928988903801 10.0 0
0-270 0 0.0 1121 0 3.0 0
0-271 0 0.0 741 0 1.0 0
0-272 1 0.015625 874 0.2729584204093974 37.0 0
0-273 0 0.0 361 0 6.0 0
0-274 0 0.0 1216 0 3.0 0
0-275 1 0.02040816326530612 589 0.31465798044412485 68.0 0
0-276 1 0.012658227848101266 1159 0.2729584204093974 47.0 0
0-277 6 0.05714285714285714 1748 2.1963920720555485 112.0 0
0-278 0 0.0 266 0 26.0 0
0-281 1 0.04 133 0.3789231816899512 21.0 0
0-282 0 0.0 1045 0 1.0 0
0-284 0 0.0 1102 0 1.0 0
0-285 0 0.0 703 0 27.0 0
0-286 0 0.0 133 0 20.0 0
0-289 0 0.0 38 0 1.0 0
0-291 6 0.2222222222222222 266 2.1068253780943365 82.0 0
0-292 1 0.022222222222222223 513 0.3396232718951086 20.0 0
0-293 0 0.0 190 0 5.0 0
0-294 0 0.0 798 0 1.0 0
0-295 0 0.0 190 0 1.0 0
0-296 0 0.0 114 0 12.0 0
0-298 2 0.04081632653061224 608 0.6253254477239307 75.0 0
0-299 0 0.0 209 0 2.0 0
0-300 0 0.0 1178 0 3.0 0
0-302 0 0.0 133 0 10.0 0
0-305 0 0.0 1064 0 4.0 0
0-306 0 0.0 1729 0 10.0 0
0-307 1 0.027777777777777776 342 0.31066746727980593 48.0 0
0-311 1 0.041666666666666664 114 0.36067376022224085 14.0 0
0-312 5 0.0847457627118644 855 1.8750182216281501 97.0 0
0-313 0 0.0 399 0 11.0 0
0-314 0 0.0 1121 0 2.0 0
0-315 0 0.0 836 0 1.0 0
0-316 0 0.0 95 0 3.0 0
0-317 2 0.03773584905660377 684 0.6253254477239307 80.0 0
0-318 0 0.0 608 0 15.0 0
0-319 0 0.0 57 0 5.0 0
0-320 0 0.0 57 0 6.0 0
0-321 0 0.0 494 0 7.0 0
0-323 1 0.012987012987012988 1121 0.2729584204093974 36.0 0
0-324 5 0.16666666666666666 304 1.7783666393412854 56.0 0
0-325 1 0.047619047619047616 57 0.36067376022224085 16.0 0
0-326 1 0.027777777777777776 342 0.3789231816899512 21.0 0
0-327 0 0.0 76 0 2.0 0
0-328 1 0.015873015873015872 855 0.2729584204093974 36.0 0
0-329 0 0.0 57 0 1.0 0
0-330 0 0.0 1235 0 40.0 0
0-331 2 0.044444444444444446 532 0.704529225695405 59.0 0
0-332 2 0.04878048780487805 456 0.700538712531086 61.0 0
0-333 1 0.016129032258064516 836 0.2729584204093974 34.0 0
0-335 0 0.0 893 0 1.0 0
0-336 0 0.0 1444 0 4.0 0
0-337 0 0.0 152 0 1.0 0
0-338 0 0.0 475 0 6.0 0
0-339 0 0.0 171 0 1.0 0
0-340 4 0.2 95 1.6472162898864913 36.0 0
0-341 2 0.03278688524590164 836 0.6253254477239307 78.0 0
0-343 0 0.0 380 0 22.0 0
0-345 0 0.0 95 0 2.0 0
0-346 2 0.037037037037037035 703 0.6502907391749145 74.0 0
0-347 0 0.0 171 0 6.0 0
0-348 1 0.02857142857142857 323 0.36067376022224085 27.0 0
0-349 0 0.0 133 0 5.0 0
0-351 0 0.0 304 0 10.0 0
0-352 0 0.0 152 0 1.0 0
0-353 0 0.0 399 0 31.0 0
0-355 0 0.0 95 0 3.0 0
0-356 0 0.0 418 0 4.0 0
0-357 0 0.0 76 0 10.0 0
0-359 0 0.0 38 0 5.0 0
0-360 0 0.0 95 0 1.0 0
0-361 1 0.038461538461538464 152 0.318928988903801 8.0 0
0-363 0 0.0 304 0 8.0 0
0-364 0 0.0 285 0 13.0 0
0-366 0 0.0 190 0 11.0 0
0-367 0 0.0 361 0 22.0 0
0-370 0 0.0 285 0 24.0 0
0-372 0 0.0 342 0 15.0 0
0-373 0 0.0 1387 0 3.0 0
0-375 0 0.0 57 0 3.0 0
0-376 6 0.2 323 2.1068253780943365 93.0 0
0-377 0 0.0 38 0 1.0 0
0-378 0 0.0 817 0 30.0 0
0-380 0 0.0 627 0 9.0 0
0-382 1 0.043478260869565216 95 0.36067376022224085 9.0 0
0-383 0 0.0 1197 0 48.0 0
0-385 0 0.0 95 0 12.0 0
0-386 0 0.0 228 0 4.0 0
0-387 1 0.015151515151515152 912 0.2729584204093974 23.0 0
0-389 2 0.05 437 0.6753317406663657 56.0 0
0-390 0 0.0 133 0 16.0 0
0-392 1 0.030303030303030304 285 0.36067376022224085 10.0 0
0-393 1 0.04 133 0.3396232718951086 27.0 0
0-395 0 0.0 114 0 1.0 0
0-397 1 0.023255813953488372 475 0.31066746727980593 33.0 0
0-399 1 0.047619047619047616 57 0.40242960438184466 7.0 0
0-400 0 0.0 304 0 7.0 0
0-404 0 0.0 665 0 18.0 0
0-405 0 0.0 380 0 16.0 0
0-406 0 0.0 247 0 18.0 0
0-409 0 0.0 190 0 3.0 0
0-410 0 0.0 76 0 11.0 0
0-412 1 0.047619047619047616 57 0.3789231816899512 13.0 0
0-413 2 0.08695652173913043 114 0.6585522607989096 29.0 0
0-414 0 0.0 323 0 31.0 0
0-415 1 0.02857142857142857 323 0.36067376022224085 35.0 0
0-417 0 0.0 38 0 1.0 0
0-418 0 0.0 76 0 10.0 0
0-420 0 0.0 247 0 13.0 0
0-421 0 0.0 323 0 13.0 0
0-422 0 0.0 190 0 10.0 0
0-425 0 0.0 475 0 1.0 0
0-426 0 0.0 19 0 1.0 0
0-427 0 0.0 228 0 17.0 0
0-428 0 0.0 342 0 6.0 0
0-429 0 0.0 57 0 1.0 0
0-430 0 0.0 76 0 2.0 0
0-432 0 0.0 247 0 1.0 0
0-437 0 0.0 19 0 1.0 0
2-4 0 0.0 559 0 7.0 0
2-5 0 0.0 91 0 1.0 0
2-7 0 0.0 702 0 2.0 0
2-8 0 0.0 871 0 1.0 0
2-9 0 0.0 455 0 1.0 0
2-10 0 0.0 611 0 1.0 0
2-11 0 0.0 559 0 1.0 0
2-13 0 0.0 533 0 3.0 0
2-14 0 0.0 286 0 1.0 0
2-15 0 0.0 715 0 1.0 0
2-16 0 0.0 871 0 2.0 0
2-17 0 0.0 377 0 5.0 0
2-19 0 0.0 520 0 1.0 0
2-21 0 0.0 494 0 3.0 0
2-22 0 0.0 806 0 2.0 0
2-23 3 0.05555555555555555 572 1.0115083846636708 51.0 0
2-24 0 0.0 624 0 2.0 0
2-25 0 0.0 429 0 2.0 0
2-26 0 0.0 234 0 9.0 0
2-27 0 0.0 702 0 2.0 0
2-29 0 0.0 78 0 2.0 0
2-31 0 0.0 650 0 2.0 0
2-33 0 0.0 351 0 1.0 0
2-34 0 0.0 754 0 2.0 0
2-37 0 0.0 741 0 2.0 0
2-38 0 0.0 806 0 2.0 0
2-39 0 0.0 611 0 4.0 0
2-42 0 0.0 117 0 2.0 0
2-43 0 0.0 325 0 15.0 0
2-45 0 0.0 234 0 2.0 0
2-47 0 0.0 806 0 1.0 0
2-48 0 0.0 1001 0 1.0 0
2-49 0 0.0 858 0 1.0 0
2-51 2 0.04 507 0.6680820106481598 23.0 0
2-52 0 0.0 182 0 1.0 0
2-53 0 0.0 351 0 1.0 0
2-55 0 0.0 572 0 3.0 0
2-56 1 0.01818181818181818 559 0.36926937306885504 14.0 0
2-57 0 0.0 598 0 5.0 0
2-58 0 0.0 910 0 2.0 0
2-60 0 0.0 455 0 1.0 0
2-61 1 0.016129032258064516 650 0.35295612386476116 32.0 0
2-63 0 0.0 260 0 1.0 0
2-65 0 0.0 1066 0 3.0 0
2-67 0 0.0 377 0 13.0 0
2-69 0 0.0 936 0 1.0 0
2-70 1 0.017241379310344827 598 0.318928988903801 20.0 0
2-72 0 0.0 156 0 3.0 0
2-73 0 0.0 286 0 11.0 0
2-78 0 0.0 299 0 2.0 0
2-79 0 0.0 286 0 3.0 0
2-80 0 0.0 897 0 1.0 0
2-81 0 0.0 585 0 1.0 0
2-82 0 0.0 546 0 2.0 0
2-83 0 0.0 533 0 12.0 0
2-84 0 0.0 598 0 3.0 0
2-87 0 0.0 936 0 2.0 0
2-88 0 0.0 741 0 1.0 0
2-90 1 0.011111111111111112 1014 0.318928988903801 15.0 0
2-91 0 0.0 559 0 10.0 0
2-94 0 0.0 611 0 1.0 0
2-96 0 0.0 689 0 1.0 0
2-98 0 0.0 91 0 1.0 0
2-100 0 0.0 598 0 2.0 0
2-101 0 0.0 507 0 1.0 0
2-102 0 0.0 611 0 2.0 0
2-103 3 0.06521739130434782 468 1.0192260210211503 49.0 0
2-104 0 0.0 351 0 4.0 0
2-105 0 0.0 156 0 1.0 0
2-107 0 0.0 598 0 3.0 0
2-108 0 0.0 962 0 8.0 0
2-109 2 0.07407407407407407 208 0.6680820106481598 24.0 0
2-110 0 0.0 520 0 1.0 0
2-111 0 0.0 650 0 6.0 0
2-112 0 0.0 871 0 3.0 0
2-113 0 0.0 520 0 2.0 0
2-114 0 0.0 455 0 1.0 0
2-115 0 0.0 325 0 6.0 0
2-117 0 0.0 429 0 14.0 0
2-118 0 0.0 728 0 1.0 0
2-122 1 0.05 104 0.3284587387530511 20.0 0
2-123 0 0.0 416 0 1.0 0
2-126 1 0.022727272727272728 416 0.318928988903801 26.0 0
2-127 0 0.0 741 0 1.0 0
2-128 0 0.0 650 0 3.0 0
2-129 0 0.0 78 0 1.0 0
2-130 0 0.0 351 0 8.0 0
2-131 0 0.0 520 0 15.0 0
2-132 0 0.0 455 0 1.0 0
2-133 0 0.0 312 0 2.0 0
2-134 0 0.0 702 0 8.0 0
2-135 0 0.0 91 0 4.0 0
2-136 0 0.0 494 0 9.0 0
2-137 0 0.0 1053 0 1.0 0
2-138 0 0.0 637 0 3.0 0
2-142 0 0.0 208 0 1.0 0
2-144 0 0.0 338 0 12.0 0
2-145 0 0.0 741 0 1.0 0
2-146 3 0.10344827586206896 247 1.041154485837417 39.0 0
2-147 0 0.0 78 0 5.0 0
2-149 0 0.0 260 0 1.0 0
2-151 0 0.0 455 0 13.0 0
2-152 1 0.058823529411764705 65 0.36067376022224085 10.0 0
2-153 0 0.0 910 0 1.0 0
2-155 0 0.0 234 0 11.0 0
2-157 0 0.0 793 0 3.0 0
2-158 0 0.0 481 0 15.0 0
2-159 0 0.0 195 0 1.0 0
2-160 0 0.0 104 0 1.0 0
2-162 0 0.0 585 0 3.0 0
2-163 0 0.0 923 0 2.0 0
2-164 0 0.0 728 0 1.0 0
2-165 0 0.0 559 0 3.0 0
2-166 0 0.0 507 0 1.0 0
2-168 0 0.0 247 0 1.0 0
2-169 1 0.03333333333333333 234 0.36926937306885504 18.0 0
2-170 0 0.0 832 0 1.0 0
2-172 0 0.0 221 0 2.0 0
2-175 2 0.08695652173913043 156 0.6680820106481598 28.0 0
2-177 0 0.0 507 0 3.0 0
2-180 0 0.0 598 0 3.0 0
2-183 0 0.0 78 0 2.0 0
2-184 0 0.0 65 0 6.0 0
2-186 0 0.0 104 0 2.0 0
2-192 0 0.0 130 0 1.0 0
2-195 0 0.0 585 0 3.0 0
2-198 1 0.022222222222222223 429 0.3396232718951086 29.0 0
2-201 0 0.0 468 0 4.0 0
2-202 0 0.0 637 0 3.0 0
2-203 0 0.0 260 0 1.0 0
2-204 0 0.0 572 0 3.0 0
2-205 0 0.0 130 0 1.0 0
2-206 0 0.0 585 0 3.0 0
2-209 1 0.05 104 0.3396232718951086 13.0 0
2-215 0 0.0 117 0 1.0 0
2-217 2 0.08 182 0.6680820106481598 30.0 0
2-218 0 0.0 247 0 8.0 0
2-219 0 0.0 572 0 3.0 0
2-220 0 0.0 104 0 3.0 0
2-222 0 0.0 819 0 1.0 0
2-223 0 0.0 299 0 6.0 0
2-224 0 0.0 143 0 1.0 0
2-228 0 0.0 546 0 3.0 0
2-230 0 0.0 91 0 1.0 0
2-231 0 0.0 26 0 2.0 0
2-233 0 0.0 26 0 4.0 0
2-234 0 0.0 260 0 2.0 0
2-237 0 0.0 169 0 1.0 0
2-238 0 0.0 559 0 1.0 0
2-239 0 0.0 767 0 1.0 0
2-240 0 0.0 65 0 4.0 0
2-241 0 0.0 182 0 1.0 0
2-242 0 0.0 780 0 1.0 0
2-244 0 0.0 546 0 3.0 0
2-245 0 0.0 195 0 2.0 0
2-246 0 0.0 780 0 4.0 0
2-247 0 0.0 936 0 1.0 0
2-248 0 0.0 767 0 2.0 0
2-249 0 0.0 1105 0 1.0 0
2-250 0 0.0 1170 0 2.0 0
2-251 0 0.0 442 0 1.0 0
2-252 0 0.0 975 0 3.0 0
2-253 0 0.0 832 0 2.0 0
2-254 0 0.0 312 0 1.0 0
2-255 0 0.0 871 0 2.0 0
2-256 0 0.0 819 0 1.0 0
2-258 0 0.0 403 0 2.0 0
2-260 0 0.0 455 0 13.0 0
2-261 5 0.3333333333333333 91 1.7511053265758627 63.0 0
2-264 0 0.0 494 0 1.0 0
2-267 0 0.0 312 0 1.0 0
2-269 1 0.017857142857142856 572 0.318928988903801 15.0 0
2-270 0 0.0 767 0 2.0 0
2-271 0 0.0 507 0 1.0 0
2-272 0 0.0 598 0 4.0 0
2-273 0 0.0 247 0 1.0 0
2-274 0 0.0 832 0 1.0 0
2-275 1 0.023255813953488372 403 0.3789231816899512 24.0 0
2-276 0 0.0 793 0 4.0 0
2-277 0 0.0 1196 0 28.0 0
2-278 0 0.0 182 0 11.0 0
2-280 0 0.0 91 0 1.0 0
2-281 0 0.0 91 0 4.0 0
2-284 0 0.0 754 0 1.0 0
2-285 0 0.0 481 0 2.0 0
2-286 0 0.0 91 0 2.0 0
2-292 0 0.0 351 0 2.0 0
2-293 0 0.0 130 0 1.0 0
2-294 0 0.0 546 0 1.0 0
2-296 0 0.0 78 0 1.0 0
2-298 0 0.0 416 0 13.0 0
2-300 0 0.0 806 0 2.0 0
2-301 1 0.03225806451612903 247 0.3396232718951086 19.0 0
2-302 0 0.0 91 0 1.0 0
2-305 0 0.0 728 0 2.0 0
2-306 0 0.0 1183 0 2.0 0
2-307 0 0.0 234 0 13.0 0
2-309 2 0.08333333333333333 169 0.6680820106481598 33.0 0
2-310 2 0.1111111111111111 91 0.6680820106481598 26.0 0
2-311 1 0.05555555555555555 78 0.3898712452512801 13.0 0
2-312 1 0.017543859649122806 585 0.35295612386476116 34.0 0
2-313 0 0.0 273 0 2.0 0
2-314 0 0.0 767 0 1.0 0
2-315 0 0.0 572 0 1.0 0
2-317 0 0.0 468 0 15.0 0
2-318 0 0.0 416 0 2.0 0
2-319 0 0.0 39 0 1.0 0
2-321 0 0.0 338 0 1.0 0
2-322 1 0.02702702702702703 325 0.3396232718951086 24.0 0
2-323 0 0.0 767 0 3.0 0
2-325 3 0.23076923076923078 39 1.1112187656957617 33.0 0
2-326 0 0.0 234 0 3.0 0
2-328 0 0.0 585 0 3.0 0
2-330 0 0.0 845 0 4.0 0
2-331 0 0.0 364 0 12.0 0
2-332 0 0.0 312 0 12.0 0
2-333 0 0.0 572 0 3.0 0
2-336 0 0.0 988 0 2.0 0
2-338 0 0.0 325 0 1.0 0
2-339 0 0.0 117 0 1.0 0
2-340 1 0.058823529411764705 65 0.3284587387530511 19.0 0
2-341 0 0.0 572 0 18.0 0
2-342 2 0.08695652173913043 156 0.6680820106481598 27.0 0
2-343 0 0.0 260 0 7.0 0
2-346 1 0.02040816326530612 481 0.3396232718951086 25.0 0
2-347 0 0.0 117 0 1.0 0
2-348 0 0.0 221 0 7.0 0
2-349 0 0.0 91 0 2.0 0
2-351 0 0.0 208 0 1.0 0
2-353 0 0.0 273 0 3.0 0
2-356 0 0.0 286 0 1.0 0
2-357 0 0.0 52 0 4.0 0
2-359 1 0.07142857142857142 26 0.36067376022224085 10.0 0
2-361 1 0.05 104 0.318928988903801 15.0 0
2-362 0 0.0 13 0 1.0 0
2-363 0 0.0 208 0 1.0 0
2-364 0 0.0 195 0 5.0 0
2-366 0 0.0 130 0 1.0 0
2-367 0 0.0 247 0 2.0 0
2-370 1 0.037037037037037035 195 0.36067376022224085 13.0 0
2-372 1 0.03333333333333333 234 0.36067376022224085 10.0 0
2-373 0 0.0 949 0 2.0 0
2-374 0 0.0 39 0 1.0 0
2-378 0 0.0 559 0 2.0 0
2-380 0 0.0 429 0 1.0 0
2-382 0 0.0 65 0 2.0 0
2-383 0 0.0 819 0 4.0 0
2-387 0 0.0 624 0 4.0 0
2-389 0 0.0 299 0 13.0 0
2-390 0 0.0 91 0 6.0 0
2-392 0 0.0 195 0 3.0 0
2-393 0 0.0 91 0 3.0 0
2-397 0 0.0 325 0 6.0 0
2-399 0 0.0 39 0 2.0 0
2-400 0 0.0 208 0 1.0 0
2-401 1 0.05 104 0.3396232718951086 10.0 0
2-404 0 0.0 455 0 2.0 0
2-405 0 0.0 260 0 5.0 0
2-406 0 0.0 169 0 4.0 0
2-410 0 0.0 52 0 3.0 0
2-412 1 0.06666666666666667 39 0.3789231816899512 14.0 0
2-413 5 0.35714285714285715 78 1.7511053265758627 58.0 0
2-414 0 0.0 221 0 8.0 0
2-415 0 0.0 221 0 10.0 0
2-419 1 0.04 169 0.3396232718951086 14.0 0
2-420 0 0.0 169 0 1.0 0
2-421 0 0.0 221 0 5.0 0
2-422 0 0.0 130 0 1.0 0
2-425 0 0.0 325 0 1.0 0
2-427 1 0.041666666666666664 156 0.36067376022224085 9.0 0
2-428 0 0.0 234 0 1.0 0
2-434 1 0.027777777777777776 312 0.3396232718951086 18.0 0
4-0 0 0.0 817 0 7.0 0
4-2 0 0.0 559 0 7.0 0
4-5 0 0.0 301 0 1.0 0
4-9 19 0.3220338983050847 1505 4.517543725044249 943.0 0
4-10 26 0.40625 2021 6.351852148575579 1289.0 0
4-13 1 0.012048192771084338 1763 0.23233849357411737 92.0 0
4-14 10 0.18181818181818182 946 2.373155076275088 572.0 0
4-16 33 0.42857142857142855 2881 8.008800090817306 1770.0 0
4-17 4 0.058823529411764705 1247 1.2694532751672198 83.0 0
4-18 0 0.0 172 0 2.0 0
4-19 1 0.012195121951219513 1720 0.23233849357411737 78.0 0
4-20 0 0.0 129 0 1.0 0
4-21 1 0.0125 1634 0.23233849357411737 78.0 0
4-22 25 0.3125 2666 6.111560086504751 1559.0 0
4-23 0 0.0 1892 0 20.0 0
4-24 27 0.421875 2064 6.609104608084803 1335.0 0
4-26 0 0.0 774 0 11.0 0
4-29 1 0.020833333333333332 258 0.26425736993644544 45.0 0
4-30 1 0.017241379310344827 688 0.5138983423697507 7.0 0
4-31 21 0.2916666666666667 2150 5.0932217555291945 1236.0 0
4-32 0 0.0 688 0 5.0 0
4-33 15 0.2727272727272727 1161 3.660823351261183 724.0 0
4-36 8 0.13793103448275862 989 1.9665722873808766 490.0 0
4-37 25 0.3333333333333333 2451 6.053152443939181 1476.0 0
4-39 1 0.011235955056179775 2021 0.23233849357411737 94.0 0
4-40 0 0.0 559 0 2.0 0
4-41 16 0.25806451612903225 1505 3.8908407461260124 837.0 0
4-42 0 0.0 387 0 9.0 0
4-43 0 0.0 1075 0 12.0 0
4-44 5 0.09615384615384616 602 1.241798185445737 301.0 0
4-45 0 0.0 774 0 20.0 0
4-46 0 0.0 430 0 4.0 0
4-47 28 0.36363636363636365 2666 6.779498716039121 1637.0 0
4-48 33 0.3793103448275862 3311 8.088167395718576 1916.0 0
4-50 0 0.0 258 0 5.0 0
4-51 2 0.025 1677 0.46395464947383414 102.0 0
4-52 0 0.0 602 0 4.0 0
4-53 14 0.25 1161 3.3756174929892615 661.0 0
4-54 1 0.021739130434782608 172 0.23233849357411737 21.0 0
4-55 1 0.011627906976744186 1892 0.23233849357411737 93.0 0
4-56 1 0.011764705882352941 1849 0.23233849357411737 79.0 0
4-57 3 0.03488372093023256 1978 0.7047161333371452 140.0 0
4-59 0 0.0 129 0 1.0 0
4-60 14 0.21875 1505 3.420462063985176 819.0 0
4-61 0 0.0 2150 0 32.0 0
4-62 0 0.0 473 0 1.0 0
4-66 0 0.0 430 0 6.0 0
4-67 0 0.0 1247 0 13.0 0
4-68 0 0.0 387 0 4.0 0
4-70 1 0.011363636363636364 1978 0.5138983423697507 28.0 0
4-71 0 0.0 258 0 2.0 0
4-72 0 0.0 516 0 3.0 0
4-73 0 0.0 946 0 12.0 0
4-74 0 0.0 473 0 1.0 0
4-75 24 0.3380281690140845 2236 5.733003052615661 1409.0 0
4-77 24 0.36923076923076925 1978 5.8228993190422065 1137.0 0
4-78 10 0.17857142857142858 989 2.4329529417821028 562.0 0
4-79 1 0.015625 946 0.26425736993644544 22.0 0
4-81 1 0.011494252873563218 1935 0.23233849357411737 93.0 0
4-82 2 0.024096385542168676 1806 0.461869554698494 124.0 0
4-83 2 0.024390243902439025 1763 0.7477253403562274 76.0 0
4-84 3 0.03488372093023256 1978 0.6856418907978651 169.0 0
4-85 0 0.0 430 0 1.0 0
4-86 12 0.1935483870967742 1333 2.9235242859270896 716.0 0
4-87 33 0.4024390243902439 3096 8.154648775890378 1858.0 0
4-88 27 0.3698630136986301 2451 6.689259335714166 1410.0 0
4-91 1 0.011764705882352941 1849 0.23233849357411737 32.0 0
4-92 7 0.10144927536231885 1419 1.6816105664270073 801.0 0
4-93 0 0.0 774 0 3.0 0
4-94 1 0.011235955056179775 2021 0.23233849357411737 94.0 0
4-95 0 0.0 903 0 9.0 0
4-96 23 0.3150684931506849 2279 5.685520763552538 1284.0 0
4-99 5 0.08620689655172414 860 1.1823696091787523 472.0 0
4-102 3 0.034482758620689655 2021 0.7472862619495597 158.0 0
4-103 0 0.0 1548 0 17.0 0
4-104 1 0.014492753623188406 1161 0.23161615589971676 74.0 0
4-105 4 0.0784313725490196 516 0.969204394054694 244.0 0
4-106 0 0.0 387 0 4.0 0
4-107 1 0.011363636363636364 1978 0.23161615589971676 108.0 0
4-109 0 0.0 688 0 4.0 0
4-110 22 0.36065573770491804 1720 5.432520032614228 1110.0 0
4-111 1 0.010869565217391304 2150 0.23233849357411737 94.0 0
4-113 0 0.0 1720 0 21.0 0
4-114 1 0.012987012987012988 1505 0.23233849357411737 36.0 0
4-115 0 0.0 1075 0 18.0 0
4-116 0 0.0 301 0 4.0 0
4-117 0 0.0 1419 0 13.0 0
4-118 1 0.01020408163265306 2408 0.23233849357411737 95.0 0
4-119 18 0.2465753424657534 2064 4.255339259793306 1226.0 0
4-120 0 0.0 215 0 36.0 0
4-121 1 0.017241379310344827 688 0.2769378934088574 21.0 0
4-123 0 0.0 1376 0 16.0 0
4-124 0 0.0 602 0 3.0 0
4-125 0 0.0 172 0 1.0 0
4-126 0 0.0 1376 0 15.0 0
4-127 28 0.3888888888888889 2451 6.703606620394274 1574.0 0
4-128 1 0.010869565217391304 2150 0.23233849357411737 93.0 0
4-130 0 0.0 1161 0 13.0 0
4-131 3 0.0375 1720 0.6911329107031055 120.0 0
4-132 0 0.0 1505 0 55.0 0
4-133 1 0.015151515151515152 1032 0.22953106112437666 44.0 0
4-134 1 0.010416666666666666 2322 0.23233849357411737 101.0 0
4-135 0 0.0 301 0 2.0 0
4-136 0 0.0 1634 0 9.0 0
4-138 1 0.01098901098901099 2107 0.23233849357411737 94.0 0
4-139 6 0.10714285714285714 817 1.4916366144707394 355.0 0
4-140 1 0.022222222222222223 129 0.23161615589971676 32.0 0
4-141 16 0.21621621621621623 2021 3.829268792219978 1170.0 0
4-142 0 0.0 688 0 4.0 0
4-143 0 0.0 43 0 5.0 0
4-144 3 0.045454545454545456 1118 0.6843680364213353 114.0 0
4-146 1 0.01639344262295082 817 0.23233849357411737 41.0 0
4-148 3 0.047619047619047616 989 1.0076867734305728 63.0 0
4-149 0 0.0 860 0 5.0 0
4-150 3 0.06 430 0.720858405492472 182.0 0
4-151 0 0.0 1505 0 9.0 0
4-152 1 0.02127659574468085 215 0.23782951347935782 46.0 0
4-154 1 0.01818181818181818 559 0.2769378934088574 21.0 0
4-155 1 0.016666666666666666 774 0.23233849357411737 32.0 0
4-157 34 0.4857142857142857 2623 8.294333587833982 1673.0 0
4-158 0 0.0 1591 0 11.0 0
4-159 5 0.09433962264150944 645 1.2043310463887342 234.0 0
4-160 0 0.0 344 0 4.0 0
4-162 1 0.011494252873563218 1935 0.23233849357411737 95.0 0
4-163 34 0.425 3053 8.306424666155023 1883.0 0
4-165 1 0.011764705882352941 1849 0.23233849357411737 91.0 0
4-166 1 0.012345679012345678 1677 0.23233849357411737 87.0 0
4-167 0 0.0 215 0 1.0 0
4-168 0 0.0 817 0 7.0 0
4-169 0 0.0 774 0 15.0 0
4-172 0 0.0 731 0 5.0 0
4-173 0 0.0 387 0 7.0 0
4-174 22 0.3283582089552239 1978 5.2574103425637855 1296.0 0
4-176 0 0.0 602 0 8.0 0
4-177 1 0.012345679012345678 1677 0.23233849357411737 86.0 0
4-178 1 0.022222222222222223 129 0.2611892565642242 25.0 0
4-179 17 0.265625 1634 4.061318488800319 998.0 0
4-180 1 0.011363636363636364 1978 0.23233849357411737 94.0 0
4-181 0 0.0 430 0 2.0 0
4-182 0 0.0 516 0 125.0 0
4-183 0 0.0 258 0 16.0 0
4-185 15 0.2459016393442623 1419 3.680449641695371 775.0 0
4-186 1 0.02 344 0.22953106112437666 37.0 0
4-189 0 0.0 559 0 10.0 0
4-190 0 0.0 301 0 1.0 0
4-191 0 0.0 559 0 7.0 0
4-192 0 0.0 430 0 9.0 0
4-193 10 0.16393442622950818 1204 2.425657330812506 645.0 0
4-194 0 0.0 602 0 2.0 0
4-195 1 0.011494252873563218 1935 0.23233849357411737 97.0 0
4-196 0 0.0 258 0 14.0 0
4-198 0 0.0 1419 0 19.0 0
4-199 1 0.021739130434782608 172 0.23161615589971676 33.0 0
4-200 0 0.0 129 0 1.0 0
4-201 1 0.01282051282051282 1548 0.23233849357411737 81.0 0
4-202 1 0.01098901098901099 2107 0.23233849357411737 95.0 0
4-203 0 0.0 860 0 6.0 0
4-204 1 0.011627906976744186 1892 0.23233849357411737 93.0 0
4-205 0 0.0 430 0 1.0 0
4-206 1 0.011494252873563218 1935 0.22509081678177853 137.0 0
4-211 0 0.0 473 0 2.0 0
4-212 15 0.22727272727272727 1634 3.6278017925186017 889.0 0
4-213 0 0.0 860 0 6.0 0
4-214 0 0.0 559 0 4.0 0
4-216 0 0.0 688 0 10.0 0
4-217 0 0.0 602 0 2.0 0
4-219 3 0.03571428571428571 1892 0.7047161333371452 151.0 0
4-220 0 0.0 344 0 2.0 0
4-222 25 0.30864197530864196 2709 6.011932977887699 1601.0 0
4-223 1 0.015384615384615385 989 0.5138983423697507 19.0 0
4-224 0 0.0 473 0 6.0 0
4-226 0 0.0 387 0 1.0 0
4-227 1 0.01694915254237288 731 0.24954251462921184 29.0 0
4-228 15 0.21428571428571427 1806 3.6798536905830566 932.0 0
4-232 0 0.0 473 0 7.0 0
4-234 2 0.03278688524590164 860 0.4830288920131143 64.0 0
4-235 20 0.3225806451612903 1677 4.915708909118483 968.0 0
4-237 0 0.0 559 0 7.0 0
4-238 1 0.011764705882352941 1849 0.23233849357411737 90.0 0
4-239 30 0.4166666666666667 2537 7.234490340020364 1646.0 0
4-240 0 0.0 215 0 2.0 0
4-241 2 0.03636363636363636 602 0.506468954533234 54.0 0
4-243 0 0.0 473 0 1.0 0
4-244 0 0.0 1806 0 71.0 0
4-245 0 0.0 645 0 3.0 0
4-246 14 0.15730337078651685 2580 3.374688720065711 559.0 0
4-253 29 0.3717948717948718 2752 7.105854159116684 1626.0 0
4-254 11 0.19642857142857142 1032 2.6447866286391557 552.0 0
4-257 12 0.18461538461538463 1462 2.879189795492918 834.0 0
4-258 14 0.23333333333333334 1333 3.398154406404889 729.0 0
4-259 2 0.043478260869565216 215 0.45854234381622916 66.0 0
4-260 0 0.0 1505 0 18.0 0
4-263 0 0.0 215 0 3.0 0
4-264 1 0.0125 1634 0.23233849357411737 75.0 0
4-265 0 0.0 172 0 1.0 0
4-266 0 0.0 645 0 9.0 0
4-267 10 0.17543859649122806 1032 2.4902662225351127 624.0 0
4-270 27 0.36 2537 6.537295772139422 1478.0 0
4-272 1 0.011363636363636364 1978 0.23233849357411737 93.0 0
4-273 0 0.0 817 0 6.0 0
4-274 30 0.38961038961038963 2752 7.258540383591768 1758.0 0
4-275 1 0.0136986301369863 1333 0.2506903984389969 74.0 0
4-276 1 0.009708737864077669 2623 0.23233849357411737 101.0 0
4-277 2 0.015037593984962405 3956 0.7645887408087476 89.0 0
4-278 0 0.0 602 0 1.0 0
4-279 0 0.0 86 0 1.0 0
4-280 0 0.0 301 0 1.0 0
4-281 0 0.0 301 0 3.0 0
4-282 27 0.38028169014084506 2365 6.52597004755219 1536.0 0
4-283 1 0.021739130434782608 172 0.2769378934088574 17.0 0
4-284 24 0.3116883116883117 2494 5.806948605371341 1404.0 0
4-285 0 0.0 1591 0 18.0 0
4-286 0 0.0 301 0 2.0 0
4-289 0 0.0 86 0 2.0 0
4-290 0 0.0 215 0 1.0 0
4-291 1 0.017857142857142856 602 0.5138983423697507 7.0 0
4-292 0 0.0 1161 0 9.0 0
4-293 1 0.019230769230769232 430 0.2222316216158104 58.0 0
4-294 16 0.2318840579710145 1806 3.858883311208888 1008.0 0
4-295 0 0.0 430 0 1.0 0
4-296 0 0.0 258 0 4.0 0
4-298 0 0.0 1376 0 9.0 0
4-299 0 0.0 473 0 3.0 0
4-301 0 0.0 817 0 5.0 0
4-302 0 0.0 301 0 3.0 0
4-305 25 0.33783783783783783 2408 6.147635429809999 1423.0 0
4-307 0 0.0 774 0 3.0 0
4-309 0 0.0 559 0 3.0 0
4-311 0 0.0 258 0 2.0 0
4-312 1 0.011494252873563218 1935 0.5138983423697507 16.0 0
4-313 0 0.0 903 0 12.0 0
4-314 27 0.36 2537 6.427402168663199 1632.0 0
4-315 19 0.27941176470588236 1892 4.666627222260758 1081.0 0
4-317 0 0.0 1548 0 13.0 0
4-318 0 0.0 1376 0 9.0 0
4-319 0 0.0 129 0 1.0 0
4-320 0 0.0 129 0 2.0 0
4-321 0 0.0 1118 0 9.0 0
4-322 0 0.0 1075 0 10.0 0
4-323 1 0.009900990099009901 2537 0.23233849357411737 96.0 0
4-324 0 0.0 688 0 8.0 0
4-325 0 0.0 129 0 1.0 0
4-326 0 0.0 774 0 12.0 0
4-327 0 0.0 172 0 4.0 0
4-328 1 0.011494252873563218 1935 0.23233849357411737 95.0 0
4-330 13 0.1368421052631579 2795 3.163864915808259 713.0 0
4-331 0 0.0 1204 0 13.0 0
4-332 0 0.0 1032 0 7.0 0
4-333 1 0.011627906976744186 1892 0.23233849357411737 94.0 0
4-334 1 0.01639344262295082 817 0.5138983423697507 7.0 0
4-335 20 0.2857142857142857 2021 4.793988901211428 1280.0 0
4-336 38 0.4691358024691358 3268 9.43568257376726 1907.0 0
4-337 0 0.0 344 0 1.0 0
4-338 1 0.014925373134328358 1075 0.2506903984389969 32.0 0
4-341 0 0.0 1892 0 19.0 0
4-343 0 0.0 860 0 10.0 0
4-345 0 0.0 215 0 3.0 0
4-346 0 0.0 1591 0 14.0 0
4-347 1 0.0196078431372549 387 0.23161615589971676 38.0 0
4-348 0 0.0 731 0 4.0 0
4-349 0 0.0 301 0 7.0 0
4-351 0 0.0 688 0 9.0 0
4-352 0 0.0 344 0 1.0 0
4-353 0 0.0 903 0 15.0 0
4-355 0 0.0 215 0 1.0 0
4-356 0 0.0 946 0 7.0 0
4-357 0 0.0 172 0 2.0 0
4-358 0 0.0 258 0 1.0 0
4-359 0 0.0 86 0 1.0 0
4-360 0 0.0 215 0 18.0 0
4-361 3 0.0625 344 0.7207146189773345 93.0 0
4-363 0 0.0 688 0 6.0 0
4-364 0 0.0 645 0 4.0 0
4-365 0 0.0 602 0 5.0 0
4-366 0 0.0 430 0 6.0 0
4-367 0 0.0 817 0 4.0 0
4-370 0 0.0 645 0 5.0 0
4-371 0 0.0 387 0 5.0 0
4-372 0 0.0 774 0 3.0 0
4-373 32 0.38095238095238093 3139 7.814185155355163 1871.0 0
4-376 1 0.01694915254237288 731 0.5138983423697507 9.0 0
4-377 0 0.0 86 0 1.0 0
4-378 1 0.011764705882352941 1849 0.23233849357411737 89.0 0
4-380 0 0.0 1419 0 9.0 0
4-382 0 0.0 215 0 2.0 0
4-383 0 0.0 2709 0 45.0 0
4-385 0 0.0 215 0 3.0 0
4-386 0 0.0 516 0 5.0 0
4-387 0 0.0 2064 0 24.0 0
4-389 0 0.0 989 0 2.0 0
4-390 0 0.0 301 0 2.0 0
4-392 0 0.0 645 0 5.0 0
4-393 0 0.0 301 0 2.0 0
4-395 1 0.020833333333333332 258 0.23782951347935782 33.0 0
4-396 0 0.0 301 0 3.0 0
4-397 1 0.014925373134328358 1075 0.5138983423697507 22.0 0
4-400 0 0.0 688 0 6.0 0
4-401 0 0.0 344 0 6.0 0
4-404 1 0.012987012987012988 1505 0.22953106112437666 52.0 0
4-405 0 0.0 860 0 7.0 0
4-406 0 0.0 559 0 12.0 0
4-407 2 0.0425531914893617 258 0.48963681747473253 101.0 0
4-409 0 0.0 430 0 3.0 0
4-411 0 0.0 129 0 1.0 0
4-412 0 0.0 129 0 2.0 0
4-413 0 0.0 258 0 6.0 0
4-414 0 0.0 731 0 2.0 0
4-415 0 0.0 731 0 1.0 0
4-418 0 0.0 172 0 5.0 0
4-419 0 0.0 559 0 8.0 0
4-420 1 0.01818181818181818 559 0.22168724132403095 44.0 0
4-421 0 0.0 731 0 4.0 0
4-422 0 0.0 430 0 3.0 0
4-425 11 0.19298245614035087 1075 2.5541714303361114 723.0 0
4-427 0 0.0 516 0 4.0 0
4-428 0 0.0 774 0 5.0 0
4-430 0 0.0 172 0 2.0 0
4-432 0 0.0 559 0 2.0 0
4-434 0 0.0 1032 0 5.0 0
4-436 1 0.020833333333333332 258 0.23382699798647663 147.0 0
5-0 0 0.0 133 0 5.0 0
5-2 0 0.0 91 0 1.0 0
5-4 0 0.0 301 0 1.0 0
5-6 0 0.0 280 0 1.0 0
5-7 0 0.0 378 0 4.0 0
5-8 0 0.0 469 0 1.0 0
5-9 0 0.0 245 0 1.0 0
5-10 0 0.0 329 0 2.0 0
5-12 0 0.0 259 0 1.0 0
5-13 0 0.0 287 0 5.0 0
5-14 0 0.0 154 0 1.0 0
5-15 0 0.0 385 0 1.0 0
5-16 0 0.0 469 0 1.0 0
5-17 1 0.02857142857142857 203 0.25562221863533147 15.0 0
5-18 0 0.0 28 0 2.0 0
5-19 0 0.0 280 0 4.0 0
5-20 1 0.1111111111111111 21 0.5138983423697507 2.0 0
5-21 0 0.0 266 0 5.0 0
5-22 0 0.0 434 0 1.0 0
5-23 1 0.02 308 0.25562221863533147 28.0 0
5-26 1 0.041666666666666664 126 0.25562221863533147 16.0 0
5-27 0 0.0 378 0 1.0 0
5-30 0 0.0 112 0 2.0 0
5-31 0 0.0 350 0 1.0 0
5-33 0 0.0 189 0 1.0 0
5-34 0 0.0 406 0 2.0 0
5-38 0 0.0 434 0 1.0 0
5-39 0 0.0 329 0 7.0 0
5-40 0 0.0 91 0 2.0 0
5-42 0 0.0 63 0 8.0 0
5-43 1 0.03225806451612903 175 0.25562221863533147 20.0 0
5-45 0 0.0 126 0 5.0 0
5-47 0 0.0 434 0 1.0 0
5-48 0 0.0 539 0 1.0 0
5-49 0 0.0 462 0 1.0 0
5-50 0 0.0 42 0 2.0 0
5-51 0 0.0 273 0 7.0 0
5-52 0 0.0 98 0 2.0 0
5-53 0 0.0 189 0 1.0 0
5-54 1 0.1 28 0.9102392266268373 2.0 0
5-55 0 0.0 308 0 5.0 0
5-56 0 0.0 301 0 4.0 0
5-57 0 0.0 322 0 5.0 0
5-58 0 0.0 490 0 1.0 0
5-59 0 0.0 21 0 3.0 0
5-60 0 0.0 245 0 1.0 0
5-63 0 0.0 140 0 1.0 0
5-64 0 0.0 406 0 1.0 0
5-65 0 0.0 574 0 2.0 0
5-67 1 0.02857142857142857 203 0.25562221863533147 20.0 0
5-68 0 0.0 63 0 1.0 0
5-69 0 0.0 504 0 2.0 0
5-70 1 0.019230769230769232 322 0.25562221863533147 12.0 0
5-72 0 0.0 84 0 10.0 0
5-73 0 0.0 154 0 19.0 0
5-75 0 0.0 364 0 1.0 0
5-77 0 0.0 322 0 1.0 0
5-79 1 0.03571428571428571 154 0.5138983423697507 4.0 0
5-80 0 0.0 483 0 2.0 0
5-81 0 0.0 315 0 6.0 0
5-82 0 0.0 294 0 7.0 0
5-83 1 0.02127659574468085 287 0.25562221863533147 28.0 0
5-84 1 0.019230769230769232 322 0.7213475204444817 6.0 0
5-85 0 0.0 70 0 1.0 0
5-86 0 0.0 217 0 1.0 0
5-87 0 0.0 504 0 1.0 0
5-90 0 0.0 546 0 1.0 0
5-91 1 0.02040816326530612 301 0.25562221863533147 20.0 0
5-94 0 0.0 329 0 8.0 0
5-95 0 0.0 147 0 1.0 0
5-96 0 0.0 371 0 1.0 0
5-98 0 0.0 49 0 6.0 0
5-100 0 0.0 322 0 1.0 0
5-101 0 0.0 273 0 1.0 0
5-102 0 0.0 329 0 8.0 0
5-103 1 0.023809523809523808 252 0.25562221863533147 28.0 0
5-104 0 0.0 189 0 5.0 0
5-107 0 0.0 322 0 9.0 0
5-108 0 0.0 518 0 10.0 0
5-109 0 0.0 112 0 8.0 0
5-110 0 0.0 280 0 2.0 0
5-111 0 0.0 350 0 7.0 0
5-112 0 0.0 469 0 1.0 0
5-113 1 0.021739130434782608 280 0.25562221863533147 13.0 0
5-114 0 0.0 245 0 10.0 0
5-115 2 0.06666666666666667 175 1.1658614452621687 14.0 0
5-117 1 0.02564102564102564 231 0.25562221863533147 24.0 0
5-118 0 0.0 392 0 10.0 0
5-119 0 0.0 336 0 1.0 0
5-122 0 0.0 56 0 1.0 0
5-123 0 0.0 224 0 8.0 0
5-126 1 0.02631578947368421 224 0.25562221863533147 25.0 0
5-127 0 0.0 399 0 1.0 0
5-128 1 0.017857142857142856 350 0.7213475204444817 7.0 0
5-130 2 0.0625 189 1.6983172595242948 16.0 0
5-131 1 0.021739130434782608 280 0.25562221863533147 29.0 0
5-132 0 0.0 245 0 3.0 0
5-133 0 0.0 168 0 7.0 0
5-134 0 0.0 378 0 11.0 0
5-135 0 0.0 49 0 5.0 0
5-136 0 0.0 266 0 18.0 0
5-137 0 0.0 567 0 1.0 0
5-138 0 0.0 343 0 5.0 0
5-142 0 0.0 112 0 4.0 0
5-144 0 0.0 182 0 21.0 0
5-145 0 0.0 399 0 1.0 0
5-146 1 0.04 133 0.25562221863533147 12.0 0
5-147 0 0.0 42 0 2.0 0
5-148 0 0.0 161 0 6.0 0
5-149 0 0.0 140 0 3.0 0
5-151 1 0.024390243902439025 245 0.25562221863533147 31.0 0
5-152 0 0.0 35 0 1.0 0
5-153 0 0.0 490 0 1.0 0
5-155 0 0.0 126 0 11.0 0
5-156 0 0.0 63 0 1.0 0
5-157 0 0.0 427 0 2.0 0
5-158 1 0.023255813953488372 259 0.25562221863533147 28.0 0
5-159 0 0.0 105 0 4.0 0
5-160 0 0.0 56 0 3.0 0
5-162 0 0.0 315 0 4.0 0
5-163 0 0.0 497 0 1.0 0
5-164 0 0.0 392 0 1.0 0
5-165 0 0.0 301 0 4.0 0
5-166 0 0.0 273 0 3.0 0
5-168 0 0.0 133 0 4.0 0
5-169 1 0.041666666666666664 126 0.25562221863533147 11.0 0
5-170 0 0.0 448 0 1.0 0
5-172 0 0.0 119 0 5.0 0
5-173 0 0.0 63 0 2.0 0
5-174 0 0.0 322 0 2.0 0
5-175 0 0.0 84 0 1.0 0
5-176 0 0.0 98 0 2.0 0
5-177 0 0.0 273 0 5.0 0
5-180 0 0.0 322 0 5.0 0
5-181 0 0.0 70 0 1.0 0
5-182 0 0.0 84 0 1.0 0
5-183 0 0.0 42 0 2.0 0
5-184 0 0.0 35 0 1.0 0
5-186 0 0.0 56 0 1.0 0
5-189 0 0.0 91 0 3.0 0
5-190 0 0.0 49 0 3.0 0
5-191 0 0.0 91 0 1.0 0
5-192 0 0.0 70 0 4.0 0
5-194 0 0.0 98 0 1.0 0
5-195 0 0.0 315 0 6.0 0
5-196 0 0.0 42 0 1.0 0
5-198 0 0.0 231 0 23.0 0
5-199 1 0.1 28 0.9102392266268373 3.0 0
5-201 0 0.0 252 0 4.0 0
5-202 0 0.0 343 0 5.0 0
5-203 0 0.0 140 0 2.0 0
5-204 0 0.0 308 0 6.0 0
5-205 0 0.0 70 0 3.0 0
5-206 0 0.0 315 0 7.0 0
5-209 0 0.0 56 0 2.0 0
5-215 0 0.0 63 0 6.0 0
5-216 0 0.0 112 0 2.0 0
5-217 0 0.0 98 0 7.0 0
5-218 1 0.04 133 0.25562221863533147 15.0 0
5-219 0 0.0 308 0 5.0 0
5-220 0 0.0 56 0 6.0 0
5-222 0 0.0 441 0 2.0 0
5-223 1 0.034482758620689655 161 0.25562221863533147 11.0 0
5-224 0 0.0 77 0 1.0 0
5-226 0 0.0 63 0 1.0 0
5-228 0 0.0 294 0 1.0 0
5-230 0 0.0 49 0 4.0 0
5-232 0 0.0 77 0 1.0 0
5-234 1 0.038461538461538464 140 0.5138983423697507 5.0 0
5-235 0 0.0 273 0 3.0 0
5-238 0 0.0 301 0 5.0 0
5-239 0 0.0 413 0 2.0 0
5-240 0 0.0 35 0 3.0 0
5-242 0 0.0 420 0 2.0 0
5-243 0 0.0 77 0 1.0 0
5-244 0 0.0 294 0 6.0 0
5-245 1 0.047619047619047616 105 0.5138983423697507 6.0 0
5-246 0 0.0 420 0 6.0 0
5-247 0 0.0 504 0 2.0 0
5-248 0 0.0 413 0 1.0 0
5-249 0 0.0 595 0 2.0 0
5-250 0 0.0 630 0 2.0 0
5-251 0 0.0 238 0 1.0 0
5-252 1 0.012345679012345678 525 0.9102392266268373 4.0 0
5-253 0 0.0 448 0 2.0 0
5-254 0 0.0 168 0 2.0 0
5-255 0 0.0 469 0 3.0 0
5-256 0 0.0 441 0 1.0 0
5-259 0 0.0 35 0 2.0 0
5-260 1 0.024390243902439025 245 0.25562221863533147 23.0 0
5-261 0 0.0 49 0 2.0 0
5-263 2 0.2 35 1.631586747071319 2.0 0
5-264 0 0.0 266 0 5.0 0
5-265 1 0.1 28 0.5138983423697507 2.0 0
5-266 0 0.0 105 0 3.0 0
5-269 0 0.0 308 0 1.0 0
5-270 0 0.0 413 0 1.0 0
5-272 0 0.0 322 0 6.0 0
5-273 0 0.0 133 0 5.0 0
5-274 0 0.0 448 0 1.0 0
5-275 1 0.02702702702702703 217 0.25562221863533147 20.0 0
5-276 1 0.014925373134328358 427 0.5138983423697507 12.0 0
5-277 1 0.01020408163265306 644 0.25562221863533147 50.0 0
5-278 0 0.0 98 0 8.0 0
5-281 0 0.0 49 0 5.0 0
5-282 0 0.0 385 0 2.0 0
5-284 0 0.0 406 0 1.0 0
5-285 1 0.023255813953488372 259 0.25562221863533147 13.0 0
5-286 1 0.07692307692307693 49 0.25562221863533147 4.0 0
5-289 0 0.0 14 0 1.0 0
5-291 0 0.0 98 0 1.0 0
5-292 0 0.0 189 0 7.0 0
5-293 0 0.0 70 0 3.0 0
5-295 0 0.0 70 0 1.0 0
5-296 0 0.0 42 0 5.0 0
5-298 1 0.02631578947368421 224 0.25562221863533147 25.0 0
5-299 0 0.0 77 0 1.0 0
5-300 0 0.0 434 0 1.0 0
5-301 1 0.04 133 0.25562221863533147 8.0 0
5-302 0 0.0 49 0 3.0 0
5-305 0 0.0 392 0 1.0 0
5-306 0 0.0 637 0 4.0 0
5-307 1 0.041666666666666664 126 0.25562221863533147 14.0 0
5-309 0 0.0 91 0 5.0 0
5-311 0 0.0 42 0 4.0 0
5-312 1 0.0196078431372549 315 0.25562221863533147 32.0 0
5-313 0 0.0 147 0 5.0 0
5-314 0 0.0 413 0 2.0 0
5-316 0 0.0 35 0 3.0 0
5-317 1 0.023809523809523808 252 0.25562221863533147 26.0 0
5-318 0 0.0 224 0 8.0 0
5-319 0 0.0 21 0 1.0 0
5-320 0 0.0 21 0 3.0 0
5-321 0 0.0 182 0 5.0 0
5-322 1 0.03225806451612903 175 0.25562221863533147 21.0 0
5-323 0 0.0 413 0 5.0 0
5-324 0 0.0 112 0 2.0 0
5-326 0 0.0 126 0 6.0 0
5-328 0 0.0 315 0 6.0 0
5-330 1 0.014084507042253521 455 0.25562221863533147 6.0 0
5-331 1 0.029411764705882353 196 0.25562221863533147 19.0 0
5-332 1 0.03333333333333333 168 0.25562221863533147 21.0 0
5-333 0 0.0 308 0 5.0 0
5-334 0 0.0 133 0 4.0 0
5-335 0 0.0 329 0 1.0 0
5-336 0 0.0 532 0 1.0 0
5-338 0 0.0 175 0 6.0 0
5-339 0 0.0 63 0 1.0 0
5-341 1 0.02 308 0.25562221863533147 36.0 0
5-343 1 0.038461538461538464 140 0.25562221863533147 12.0 0
5-345 0 0.0 35 0 1.0 0
5-346 1 0.023255813953488372 259 0.25562221863533147 27.0 0
5-347 0 0.0 63 0 5.0 0
5-348 1 0.043478260869565216 119 0.25562221863533147 9.0 0
5-349 0 0.0 49 0 3.0 0
5-351 0 0.0 112 0 6.0 0
5-353 0 0.0 147 0 14.0 0
5-355 0 0.0 35 0 2.0 0
5-356 0 0.0 154 0 4.0 0
5-357 0 0.0 28 0 2.0 0
5-363 0 0.0 112 0 5.0 0
5-364 0 0.0 105 0 6.0 0
5-366 0 0.0 70 0 7.0 0
5-367 0 0.0 133 0 10.0 0
5-369 0 0.0 35 0 1.0 0
5-370 1 0.047619047619047616 105 0.25562221863533147 9.0 0
5-372 0 0.0 126 0 4.0 0
5-373 0 0.0 511 0 1.0 0
5-375 0 0.0 21 0 3.0 0
5-376 1 0.043478260869565216 119 0.25562221863533147 4.0 0
5-377 0 0.0 14 0 1.0 0
5-378 0 0.0 301 0 5.0 0
5-380 0 0.0 231 0 7.0 0
5-381 0 0.0 7 0 1.0 0
5-382 1 0.09090909090909091 35 0.9102392266268373 4.0 0
5-383 1 0.014492753623188406 441 0.25562221863533147 11.0 0
5-385 0 0.0 35 0 2.0 0
5-387 0 0.0 336 0 10.0 0
5-389 1 0.034482758620689655 161 0.25562221863533147 20.0 0
5-390 0 0.0 49 0 6.0 0
5-392 0 0.0 105 0 5.0 0
5-393 1 0.07692307692307693 49 0.25562221863533147 5.0 0
5-397 1 0.03225806451612903 175 0.25562221863533147 11.0 0
5-400 0 0.0 112 0 9.0 0
5-401 1 0.07142857142857142 56 0.25562221863533147 5.0 0
5-404 0 0.0 245 0 8.0 0
5-405 0 0.0 140 0 9.0 0
5-406 0 0.0 91 0 6.0 0
5-409 0 0.0 70 0 3.0 0
5-410 0 0.0 28 0 4.0 0
5-413 0 0.0 42 0 1.0 0
5-414 1 0.043478260869565216 119 0.25562221863533147 14.0 0
5-415 0 0.0 119 0 13.0 0
5-418 0 0.0 28 0 4.0 0
5-419 1 0.05263157894736842 91 0.25562221863533147 9.0 0
5-420 0 0.0 91 0 5.0 0
5-421 0 0.0 119 0 8.0 0
5-422 0 0.0 70 0 5.0 0
5-427 0 0.0 84 0 3.0 0
5-428 0 0.0 126 0 5.0 0
5-429 0 0.0 21 0 1.0 0
5-432 0 0.0 91 0 1.0 0
5-434 1 0.03333333333333333 168 0.25562221863533147 16.0 0
6-0 0 0.0 760 0 1.0 0
6-5 0 0.0 280 0 1.0 0
6-7 13 0.16049382716049382 2160 3.114900280942348 907.0 0
6-9 14 0.22950819672131148 1400 3.261377434309705 867.0 0
6-10 15 0.20833333333333334 1880 3.5925899781542063 1036.0 0
6-12 10 0.14925373134328357 1480 2.3950019173076607 685.0 0
6-13 0 0.0 1640 0 36.0 0
6-14 10 0.19230769230769232 880 2.360590010440944 515.0 0
6-16 28 0.35443037974683544 2680 6.839421762140055 1645.0 0
6-17 0 0.0 1160 0 48.0 0
6-19 0 0.0 1600 0 26.0 0
6-21 0 0.0 1520 0 28.0 0
6-22 32 0.45714285714285713 2480 8.103976771352867 1593.0 0
6-23 0 0.0 1760 0 9.0 0
6-24 15 0.2054794520547945 1920 3.547831498815447 1133.0 0
6-25 13 0.21666666666666667 1320 3.1440810164828004 717.0 0
6-26 0 0.0 720 0 8.0 0
6-27 24 0.34285714285714286 2160 5.8348831829105245 1331.0 0
6-29 0 0.0 240 0 31.0 0
6-30 0 0.0 640 0 1.0 0
6-32 0 0.0 640 0 1.0 0
6-33 12 0.21818181818181817 1080 2.8425876317174517 651.0 0
6-34 21 0.2727272727272727 2320 5.040309059690101 1316.0 0
6-36 13 0.26 920 3.4568949200706944 588.0 0
6-38 24 0.3076923076923077 2480 5.856594863783828 1543.0 0
6-39 0 0.0 1880 0 35.0 0
6-43 0 0.0 1000 0 9.0 0
6-44 7 0.14893617021276595 560 1.7828561209622404 282.0 0
6-45 0 0.0 720 0 11.0 0
6-46 0 0.0 400 0 1.0 0
6-47 27 0.36 2480 6.568470793580494 1567.0 0
6-48 38 0.4810126582278481 3080 9.590895170278728 1878.0 0
6-49 33 0.4520547945205479 2640 8.273257501536712 1680.0 0
6-51 1 0.01282051282051282 1560 0.23161615589971676 51.0 0
6-53 9 0.15517241379310345 1080 2.1411053267908695 563.0 0
6-54 0 0.0 160 0 12.0 0
6-55 0 0.0 1760 0 36.0 0
6-56 0 0.0 1720 0 28.0 0
6-57 1 0.011764705882352941 1840 0.22168724132403095 73.0 0
6-58 35 0.4666666666666667 2800 8.76082048029836 1788.0 0
6-61 0 0.0 2000 0 15.0 0
6-63 7 0.1320754716981132 800 1.7641996894273824 496.0 0
6-64 33 0.5076923076923077 2320 8.34173390346565 1532.0 0
6-67 0 0.0 1160 0 9.0 0
6-70 0 0.0 1840 0 7.0 0
6-71 0 0.0 240 0 1.0 0
6-73 0 0.0 880 0 9.0 0
6-75 25 0.373134328358209 2080 6.118874815897422 1405.0 0
6-78 4 0.06779661016949153 920 0.9265366492775624 442.0 0
6-79 0 0.0 880 0 17.0 0
6-80 31 0.3974358974358974 2760 7.556253973017543 1721.0 0
6-81 0 0.0 1800 0 35.0 0
6-82 0 0.0 1680 0 65.0 0
6-83 2 0.02531645569620253 1640 0.48010554380097104 72.0 0
6-84 2 0.023809523809523808 1840 0.4533033972237477 102.0 0
6-86 14 0.24561403508771928 1240 3.385025071661907 643.0 0
6-87 28 0.3333333333333333 2880 6.874454690868983 1689.0 0
6-88 23 0.3108108108108108 2280 5.659990210381737 1262.0 0
6-90 30 0.3409090909090909 3120 7.3967443383223594 1651.0 0
6-91 0 0.0 1720 0 14.0 0
6-92 15 0.25862068965517243 1320 3.849385097045436 877.0 0
6-93 0 0.0 720 0 1.0 0
6-94 0 0.0 1880 0 36.0 0
6-95 0 0.0 840 0 1.0 0
6-96 16 0.2077922077922078 2120 3.892764686352429 1083.0 0
6-98 1 0.021739130434782608 280 0.265872585674852 22.0 0
6-99 14 0.30434782608695654 800 3.575306044813078 524.0 0
6-100 14 0.19444444444444445 1840 3.3766396908339 1007.0 0
6-101 17 0.27419354838709675 1560 4.066656396015411 888.0 0
6-102 1 0.011627906976744186 1880 0.24842549839846914 87.0 0
6-103 0 0.0 1440 0 9.0 0
6-104 1 0.015151515151515152 1080 0.23161615589971676 40.0 0
6-105 3 0.061224489795918366 480 0.7282404696025764 242.0 0
6-106 0 0.0 360 0 1.0 0
6-107 1 0.011764705882352941 1840 0.23161615589971676 51.0 0
6-108 11 0.10679611650485436 2960 2.6120815690106234 641.0 0
6-110 14 0.21212121212121213 1600 3.3096694328320275 912.0 0
6-111 0 0.0 2000 0 36.0 0
6-113 0 0.0 1600 0 5.0 0
6-114 0 0.0 1400 0 13.0 0
6-115 0 0.0 1000 0 5.0 0
6-117 0 0.0 1320 0 9.0 0
6-118 0 0.0 2240 0 35.0 0
6-119 25 0.3968253968253968 1920 6.176768738744053 1235.0 0
6-120 0 0.0 200 0 31.0 0
6-121 0 0.0 640 0 11.0 0
6-124 0 0.0 560 0 1.0 0
6-126 0 0.0 1280 0 9.0 0
6-128 0 0.0 2000 0 35.0 0
6-130 0 0.0 1080 0 7.0 0
6-131 3 0.03896103896103896 1600 0.6911329107031055 90.0 0
6-132 0 0.0 1400 0 16.0 0
6-133 0 0.0 960 0 30.0 0
6-134 0 0.0 2160 0 42.0 0
6-136 0 0.0 1520 0 1.0 0
6-138 0 0.0 1960 0 36.0 0
6-139 4 0.07272727272727272 760 0.9921493146897385 299.0 0
6-140 1 0.023809523809523808 120 0.23161615589971676 26.0 0
6-143 0 0.0 40 0 2.0 0
6-144 3 0.047619047619047616 1040 0.6843680364213353 106.0 0
6-145 28 0.4057971014492754 2280 6.876860333974739 1407.0 0
6-146 0 0.0 760 0 20.0 0
6-148 0 0.0 920 0 46.0 0
6-150 1 0.02040816326530612 400 0.23782951347935782 134.0 0
6-151 0 0.0 1400 0 6.0 0
6-152 1 0.022727272727272728 200 0.23782951347935782 45.0 0
6-154 0 0.0 520 0 11.0 0
6-155 0 0.0 720 0 19.0 0
6-158 0 0.0 1480 0 6.0 0
6-159 2 0.03773584905660377 600 0.4629203302611363 181.0 0
6-162 0 0.0 1800 0 37.0 0
6-163 30 0.37037037037037035 2840 7.3688044497088905 1731.0 0
6-165 0 0.0 1720 0 36.0 0
6-166 0 0.0 1560 0 34.0 0
6-169 0 0.0 720 0 1.0 0
6-172 0 0.0 680 0 1.0 0
6-174 22 0.34375 1840 5.314622955510581 1239.0 0
6-176 0 0.0 560 0 1.0 0
6-177 0 0.0 1560 0 36.0 0
6-178 0 0.0 120 0 14.0 0
6-180 0 0.0 1840 0 36.0 0
6-181 0 0.0 400 0 3.0 0
6-182 2 0.04 480 0.5008682804451619 130.0 0
6-183 0 0.0 240 0 10.0 0
6-186 0 0.0 320 0 32.0 0
6-189 0 0.0 520 0 5.0 0
6-192 0 0.0 400 0 1.0 0
6-193 14 0.25925925925925924 1120 3.639672623973676 751.0 0
6-194 0 0.0 560 0 3.0 0
6-195 0 0.0 1800 0 37.0 0
6-196 0 0.0 240 0 12.0 0
6-198 0 0.0 1320 0 9.0 0
6-199 1 0.023255813953488372 160 0.23161615589971676 27.0 0
6-201 0 0.0 1440 0 33.0 0
6-202 0 0.0 1960 0 37.0 0
6-204 0 0.0 1760 0 36.0 0
6-206 2 0.024096385542168676 1800 0.47351631518024767 81.0 0
6-211 0 0.0 440 0 1.0 0
6-213 0 0.0 800 0 1.0 0
6-214 0 0.0 520 0 1.0 0
6-216 0 0.0 640 0 2.0 0
6-219 1 0.012048192771084338 1760 0.22168724132403095 81.0 0
6-222 26 0.33766233766233766 2520 6.460957646142178 1525.0 0
6-223 0 0.0 920 0 5.0 0
6-224 0 0.0 440 0 2.0 0
6-227 1 0.017857142857142856 680 0.24954251462921184 26.0 0
6-228 12 0.17142857142857143 1680 2.984372738081367 798.0 0
6-234 0 0.0 800 0 32.0 0
6-235 15 0.234375 1560 3.643080730390571 824.0 0
6-237 0 0.0 520 0 2.0 0
6-238 0 0.0 1720 0 35.0 0
6-239 23 0.3026315789473684 2360 5.493226518994244 1508.0 0
6-241 0 0.0 560 0 40.0 0
6-243 0 0.0 440 0 2.0 0
6-244 0 0.0 1680 0 22.0 0
6-245 0 0.0 600 0 3.0 0
6-246 7 0.07526881720430108 2400 1.6353063458976327 400.0 0
6-247 31 0.38271604938271603 2880 7.573590174791609 1768.0 0
6-248 22 0.2857142857142857 2360 5.323529976486989 1405.0 0
6-253 24 0.3 2560 5.903728669520963 1485.0 0
6-254 10 0.18518518518518517 960 2.384672395869196 503.0 0
6-256 28 0.37333333333333335 2520 6.814598624478088 1606.0 0
6-258 8 0.12698412698412698 1240 1.9227068492112185 629.0 0
6-259 2 0.046511627906976744 200 0.45854234381622916 64.0 0
6-260 0 0.0 1400 0 10.0 0
6-261 1 0.021739130434782608 280 0.265872585674852 20.0 0
6-263 0 0.0 200 0 3.0 0
6-264 0 0.0 1520 0 26.0 0
6-269 14 0.2 1760 3.3892071377735435 877.0 0
6-272 0 0.0 1840 0 36.0 0
6-274 27 0.35064935064935066 2560 6.564972894631855 1620.0 0
6-275 1 0.014285714285714285 1240 0.24325728130826463 43.0 0
6-276 0 0.0 2440 0 37.0 0
6-277 0 0.0 3680 0 50.0 0
6-281 0 0.0 280 0 3.0 0
6-283 0 0.0 160 0 10.0 0
6-285 0 0.0 1480 0 2.0 0
6-289 0 0.0 80 0 1.0 0
6-290 0 0.0 200 0 1.0 0
6-291 0 0.0 560 0 1.0 0
6-293 1 0.02040816326530612 400 0.2222316216158104 47.0 0
6-298 0 0.0 1280 0 5.0 0
6-299 0 0.0 440 0 2.0 0
6-300 22 0.275 2480 5.287530982774389 1482.0 0
6-301 0 0.0 760 0 1.0 0
6-307 0 0.0 720 0 1.0 0
6-309 0 0.0 520 0 1.0 0
6-312 0 0.0 1800 0 10.0 0
6-313 0 0.0 840 0 1.0 0
6-314 27 0.375 2360 6.537118156787627 1527.0 0
6-315 24 0.4 1760 6.075111181287426 1162.0 0
6-317 0 0.0 1440 0 9.0 0
6-318 0 0.0 1280 0 3.0 0
6-322 0 0.0 1000 0 6.0 0
6-323 0 0.0 2360 0 37.0 0
6-324 0 0.0 640 0 1.0 0
6-326 0 0.0 720 0 2.0 0
6-327 0 0.0 160 0 2.0 0
6-328 0 0.0 1800 0 36.0 0
6-330 9 0.09375 2600 2.1138022443005013 576.0 0
6-331 0 0.0 1120 0 9.0 0
6-333 0 0.0 1760 0 36.0 0
6-334 0 0.0 760 0 1.0 0
6-335 23 0.359375 1880 5.588387151397799 1216.0 0
6-338 0 0.0 1000 0 13.0 0
6-341 0 0.0 1760 0 9.0 0
6-343 0 0.0 800 0 1.0 0
6-345 0 0.0 200 0 1.0 0
6-346 0 0.0 1480 0 9.0 0
6-347 1 0.020833333333333332 360 0.23161615589971676 26.0 0
6-349 0 0.0 280 0 3.0 0
6-351 0 0.0 640 0 2.0 0
6-353 0 0.0 840 0 5.0 0
6-355 0 0.0 200 0 2.0 0
6-357 0 0.0 160 0 1.0 0
6-358 0 0.0 240 0 1.0 0
6-359 0 0.0 80 0 1.0 0
6-360 1 0.022727272727272728 200 0.2749075777424936 27.0 0
6-361 1 0.02127659574468085 320 0.2269261879165124 83.0 0
6-363 0 0.0 640 0 1.0 0
6-371 0 0.0 360 0 1.0 0
6-376 0 0.0 680 0 1.0 0
6-378 0 0.0 1720 0 36.0 0
6-383 0 0.0 2520 0 8.0 0
6-387 0 0.0 1920 0 6.0 0
6-390 0 0.0 280 0 2.0 0
6-392 0 0.0 600 0 1.0 0
6-395 1 0.022222222222222223 240 0.23782951347935782 26.0 0
6-396 0 0.0 280 0 1.0 0
6-397 0 0.0 1000 0 7.0 0
6-401 0 0.0 320 0 3.0 0
6-404 0 0.0 1400 0 31.0 0
6-405 0 0.0 800 0 2.0 0
6-407 1 0.022222222222222223 240 0.25973030217227155 87.0 0
6-414 0 0.0 680 0 2.0 0
6-420 1 0.019230769230769232 520 0.22168724132403095 32.0 0
6-425 13 0.25 1000 3.082703623355733 664.0 0
6-427 0 0.0 480 0 1.0 0
6-428 0 0.0 720 0 1.0 0
6-432 0 0.0 520 0 2.0 0
6-434 0 0.0 960 0 1.0 0
6-436 2 0.045454545454545456 240 0.4669022696949859 140.0 0
7-0 0 0.0 1026 0 13.0 0
7-2 0 0.0 702 0 2.0 0
7-5 0 0.0 378 0 4.0 0
7-6 13 0.16049382716049382 2160 3.114900280942348 907.0 0
7-13 6 0.06741573033707865 2214 1.5013108746700494 293.0 0
7-14 12 0.1875 1188 3.2008356146509875 584.0 0
7-15 20 0.2247191011235955 2970 5.011696196948065 1370.0 0
7-17 5 0.0641025641025641 1566 1.2873738278719398 141.0 0
7-18 0 0.0 216 0 12.0 0
7-19 5 0.056179775280898875 2160 1.261754758923031 270.0 0
7-20 0 0.0 162 0 8.0 0
7-21 6 0.06976744186046512 2052 1.4829061867176956 256.0 0
7-22 16 0.16 3348 3.8029595190216776 1394.0 0
7-23 2 0.020833333333333332 2376 0.512358104014627 77.0 0
7-26 1 0.014084507042253521 972 0.2211514277946646 42.0 0
7-29 2 0.034482758620689655 324 0.5341476769736215 57.0 0
7-30 0 0.0 864 0 5.0 0
7-31 20 0.23809523809523808 2700 5.092432799757546 1176.0 0
7-32 0 0.0 864 0 4.0 0
7-36 2 0.02666666666666667 1242 0.4814175434963025 364.0 0
7-37 17 0.18085106382978725 3078 4.079212413112411 1320.0 0
7-39 6 0.06315789473684211 2538 1.5013108746700494 305.0 0
7-40 0 0.0 702 0 9.0 0
7-41 7 0.08536585365853659 1890 1.6272043983881077 672.0 0
7-42 1 0.016129032258064516 486 0.2211514277946646 22.0 0
7-43 2 0.025974025974025976 1350 0.512358104014627 57.0 0
7-45 2 0.02857142857142857 972 0.4607075435416832 51.0 0
7-46 0 0.0 540 0 3.0 0
7-47 26 0.28888888888888886 3348 6.38476410795067 1555.0 0
7-48 29 0.28431372549019607 4158 7.166504955312562 1775.0 0
7-49 25 0.2631578947368421 3564 6.1023196731178215 1583.0 0
7-50 1 0.01694915254237288 324 0.33380820069533407 20.0 0
7-51 5 0.056818181818181816 2106 1.3358326574460933 263.0 0
7-52 1 0.014925373134328358 756 0.31066746727980593 31.0 0
7-54 1 0.017543859649122806 216 0.23233849357411737 38.0 0
7-55 6 0.06521739130434782 2376 1.5013108746700494 302.0 0
7-56 5 0.05434782608695652 2322 1.261754758923031 277.0 0
7-58 23 0.22772277227722773 3780 5.583553107560996 1611.0 0
7-59 0 0.0 162 0 1.0 0
7-60 4 0.047058823529411764 1890 0.9072168942939549 659.0 0
7-61 3 0.0297029702970297 2700 0.7519142197616456 113.0 0
7-62 0 0.0 594 0 1.0 0
7-63 11 0.1746031746031746 1080 2.6919257347532706 539.0 0
7-64 18 0.19148936170212766 3132 4.342996251066412 1296.0 0
7-65 32 0.3076923076923077 4428 7.869094856269853 1907.0 0
7-66 0 0.0 540 0 2.0 0
7-67 2 0.024691358024691357 1566 0.512358104014627 58.0 0
7-68 0 0.0 486 0 23.0 0
7-70 2 0.02040816326530612 2484 0.5318188950744706 109.0 0
7-71 0 0.0 324 0 1.0 0
7-72 1 0.015384615384615385 648 0.2211514277946646 19.0 0
7-73 2 0.02702702702702703 1188 0.512358104014627 54.0 0
7-74 0 0.0 594 0 1.0 0
7-75 17 0.19101123595505617 2808 4.078040145076946 1298.0 0
7-77 14 0.16279069767441862 2484 3.549267517761119 1021.0 0
7-78 18 0.3050847457627119 1242 4.778183911067567 622.0 0
7-79 1 0.013333333333333334 1188 0.2211514277946646 38.0 0
7-81 6 0.06451612903225806 2430 1.5013108746700494 303.0 0
7-82 7 0.07865168539325842 2268 1.730841935794426 313.0 0
7-83 4 0.04395604395604396 2214 1.005915404173375 144.0 0
7-84 7 0.07526881720430108 2484 1.7229981159940804 381.0 0
7-85 0 0.0 540 0 4.0 0
7-91 2 0.021052631578947368 2322 0.45348992136878197 104.0 0
7-92 4 0.04819277108433735 1782 1.0011875110800383 652.0 0
7-93 0 0.0 972 0 2.0 0
7-94 6 0.06315789473684211 2538 1.5013108746700494 308.0 0
7-95 0 0.0 1134 0 8.0 0
7-98 2 0.03389830508474576 378 0.4870240134695166 43.0 0
7-99 4 0.05714285714285714 1080 1.0697668635019828 388.0 0
7-103 2 0.022727272727272728 1944 0.512358104014627 63.0 0
7-104 3 0.038461538461538464 1458 0.769685963176642 193.0 0
7-105 3 0.047619047619047616 648 0.8431213075736474 247.0 0
7-106 0 0.0 486 0 3.0 0
7-107 5 0.05263157894736842 2484 1.2689723810959321 308.0 0
7-109 1 0.014492753623188406 864 0.2211514277946646 22.0 0
7-111 6 0.061224489795918366 2700 1.5013108746700494 318.0 0
7-113 3 0.03296703296703297 2160 0.8656270957698046 93.0 0
7-114 3 0.03488372093023256 1890 0.8768141615492574 129.0 0
7-115 3 0.039473684210526314 1350 0.8501511030357911 58.0 0
7-116 1 0.016666666666666666 378 0.33380820069533407 12.0 0
7-117 2 0.023529411764705882 1782 0.512358104014627 68.0 0
7-118 7 0.06796116504854369 3024 1.7224623024647139 319.0 0
7-119 16 0.18604651162790697 2592 3.971235979830279 1113.0 0
7-120 1 0.017241379310344827 270 0.23782951347935782 35.0 0
7-121 1 0.014492753623188406 864 0.2769378934088574 32.0 0
7-122 0 0.0 432 0 3.0 0
7-123 3 0.03614457831325301 1728 0.8656270957698046 96.0 0
7-124 0 0.0 756 0 2.0 0
7-125 0 0.0 216 0 1.0 0
7-126 2 0.023809523809523808 1728 0.512358104014627 68.0 0
7-127 22 0.24719101123595505 3078 5.313280211834713 1472.0 0
7-128 6 0.061224489795918366 2700 1.575388773193112 297.0 0
7-129 0 0.0 324 0 4.0 0
7-130 1 0.0125 1458 0.2211514277946646 63.0 0
7-131 5 0.056179775280898875 2160 1.2316051609902874 195.0 0
7-132 4 0.047058823529411764 1890 1.0294162653489134 212.0 0
7-133 3 0.04 1296 0.7613499561988472 89.0 0
7-134 6 0.058823529411764705 2916 1.5013108746700494 335.0 0
7-135 0 0.0 378 0 19.0 0
7-136 1 0.01098901098901099 2052 0.2211514277946646 67.0 0
7-137 33 0.3235294117647059 4374 8.273275838564151 1837.0 0
7-138 6 0.061855670103092786 2646 1.5013108746700494 306.0 0
7-140 0 0.0 162 0 34.0 0
7-141 16 0.18823529411764706 2538 4.109158686453936 1098.0 0
7-142 1 0.014492753623188406 864 0.31066746727980593 36.0 0
7-143 1 0.018518518518518517 54 0.36926937306885504 9.0 0
7-144 4 0.05263157894736842 1404 0.9562769669544683 160.0 0
7-145 24 0.27586206896551724 3078 5.982186758431173 1406.0 0
7-146 3 0.04285714285714286 1026 0.6930460371158005 78.0 0
7-147 0 0.0 324 0 4.0 0
7-148 1 0.013157894736842105 1242 0.22953106112437666 73.0 0
7-149 1 0.0136986301369863 1080 0.31066746727980593 42.0 0
7-151 2 0.022988505747126436 1890 0.512358104014627 65.0 0
7-152 1 0.017241379310344827 270 0.23782951347935782 51.0 0
7-153 30 0.3191489361702128 3780 7.469065200487285 1702.0 0
7-154 1 0.015151515151515152 702 0.2769378934088574 32.0 0
7-155 2 0.02857142857142857 972 0.45348992136878197 67.0 0
7-156 0 0.0 486 0 1.0 0
7-158 2 0.02247191011235955 1998 0.512358104014627 66.0 0
7-160 1 0.01639344262295082 432 0.2211514277946646 20.0 0
7-161 0 0.0 54 0 1.0 0
7-162 6 0.06451612903225806 2430 1.5013108746700494 304.0 0
7-163 33 0.358695652173913 3834 8.231403187019056 1859.0 0
7-165 5 0.05434782608695652 2322 1.241580572497778 295.0 0
7-166 6 0.06896551724137931 2106 1.5013108746700494 266.0 0
7-167 0 0.0 270 0 1.0 0
7-168 2 0.028169014084507043 1026 0.64447566797514 44.0 0
7-169 2 0.02857142857142857 972 0.48234068435888877 45.0 0
7-170 25 0.26881720430107525 3456 6.154100253884013 1535.0 0
7-172 1 0.014285714285714285 918 0.2211514277946646 25.0 0
7-173 1 0.016129032258064516 486 0.2211514277946646 28.0 0
7-175 0 0.0 648 0 1.0 0
7-176 1 0.014925373134328358 756 0.29120667621996243 5.0 0
7-177 5 0.056818181818181816 2106 1.241580572497778 268.0 0
7-178 1 0.017857142857142856 162 0.2611892565642242 36.0 0
7-179 7 0.08235294117647059 2052 1.6467037349671059 878.0 0
7-180 6 0.06382978723404255 2484 1.5013108746700494 308.0 0
7-181 0 0.0 540 0 3.0 0
7-182 1 0.015384615384615385 648 0.2518706487516997 113.0 0
7-183 1 0.01694915254237288 324 0.23955611574701857 24.0 0
7-184 0 0.0 270 0 1.0 0
7-185 4 0.04819277108433735 1782 0.9409866649235853 617.0 0
7-186 1 0.01639344262295082 432 0.22953106112437666 47.0 0
7-187 0 0.0 432 0 4.0 0
7-189 0 0.0 702 0 42.0 0
7-190 0 0.0 378 0 11.0 0
7-191 0 0.0 702 0 3.0 0
7-192 1 0.015873015873015872 540 0.25973030217227155 40.0 0
7-193 2 0.025 1512 0.47033687859160894 519.0 0
7-194 0 0.0 756 0 3.0 0
7-195 7 0.07608695652173914 2430 1.8351190753653834 310.0 0
7-196 0 0.0 324 0 30.0 0
7-198 2 0.023529411764705882 1782 0.512358104014627 68.0 0
7-199 0 0.0 216 0 34.0 0
7-200 0 0.0 162 0 1.0 0
7-201 6 0.07142857142857142 1944 1.5313282943257878 248.0 0
7-202 6 0.061855670103092786 2646 1.5013108746700494 311.0 0
7-203 1 0.0136986301369863 1080 0.31066746727980593 43.0 0
7-204 6 0.06521739130434782 2376 1.5013108746700494 303.0 0
7-205 0 0.0 540 0 16.0 0
7-206 6 0.06451612903225806 2430 1.4940631978777106 336.0 0
7-209 0 0.0 432 0 3.0 0
7-210 0 0.0 216 0 4.0 0
7-211 0 0.0 594 0 1.0 0
7-212 7 0.08235294117647059 2052 1.6158133029271953 705.0 0
7-213 0 0.0 1080 0 5.0 0
7-214 0 0.0 702 0 3.0 0
7-215 0 0.0 486 0 7.0 0
7-216 2 0.029411764705882353 864 0.679936840348661 37.0 0
7-217 0 0.0 756 0 13.0 0
7-218 0 0.0 1026 0 24.0 0
7-220 1 0.01639344262295082 432 0.2211514277946646 12.0 0
7-222 27 0.3 3402 6.747506883096913 1529.0 0
7-223 2 0.02666666666666667 1242 0.5318188950744706 64.0 0
7-224 1 0.015625 594 0.29120667621996243 29.0 0
7-226 0 0.0 486 0 11.0 0
7-227 0 0.0 918 0 22.0 0
7-228 22 0.2972972972972973 2268 5.837896179269333 984.0 0
7-229 17 0.20481927710843373 2484 4.445450174144787 1060.0 0
7-230 0 0.0 378 0 6.0 0
7-232 0 0.0 594 0 2.0 0
7-237 0 0.0 702 0 4.0 0
7-238 5 0.05434782608695652 2322 1.237053504733604 298.0 0
7-240 1 0.017241379310344827 270 0.2211514277946646 11.0 0
7-241 2 0.030303030303030304 756 0.506468954533234 68.0 0
7-243 0 0.0 594 0 2.0 0
7-244 4 0.043478260869565216 2268 1.0047150111594867 264.0 0
7-245 0 0.0 810 0 10.0 0
7-247 35 0.38461538461538464 3888 8.647435450892436 1854.0 0
7-251 12 0.15789473684210525 1836 2.8558318816016555 722.0 0
7-252 34 0.35789473684210527 4050 8.526021353355569 1761.0 0
7-253 31 0.3563218390804598 3456 7.728724030983648 1621.0 0
7-254 10 0.14705882352941177 1296 2.650929546590781 560.0 0
7-256 31 0.36046511627906974 3402 7.734709989106627 1688.0 0
7-257 7 0.08641975308641975 1836 1.6825545557067336 715.0 0
7-259 0 0.0 270 0 67.0 0
7-260 2 0.022988505747126436 1890 0.512358104014627 83.0 0
7-261 1 0.016666666666666666 378 0.265872585674852 26.0 0
7-263 0 0.0 270 0 5.0 0
7-264 5 0.05747126436781609 2052 1.261754758923031 254.0 0
7-265 0 0.0 216 0 5.0 0
7-266 0 0.0 810 0 12.0 0
7-267 9 0.13043478260869565 1296 2.296567226148425 597.0 0
7-268 0 0.0 108 0 2.0 0
7-269 23 0.30666666666666664 2376 5.7271490369812454 1035.0 0
7-270 19 0.20212765957446807 3186 4.575846353993434 1341.0 0
7-271 6 0.06896551724137931 2106 1.4425771888880121 787.0 0
7-272 5 0.05263157894736842 2484 1.241580572497778 300.0 0
7-273 1 0.013888888888888888 1026 0.31066746727980593 50.0 0
7-274 30 0.3409090909090909 3456 7.3602466195114085 1744.0 0
7-276 8 0.07476635514018691 3294 2.0562705031600483 331.0 0
7-278 0 0.0 756 0 16.0 0
7-279 0 0.0 108 0 5.0 0
7-280 0 0.0 378 0 10.0 0
7-281 0 0.0 378 0 15.0 0
7-282 27 0.32926829268292684 2970 6.697695511361528 1494.0 0
7-283 1 0.017543859649122806 216 0.2769378934088574 29.0 0
7-284 18 0.19148936170212766 3132 4.470841045691323 1229.0 0
7-285 2 0.02247191011235955 1998 0.5318188950744706 118.0 0
7-286 1 0.016666666666666666 378 0.2211514277946646 14.0 0
7-289 0 0.0 108 0 4.0 0
7-291 0 0.0 756 0 3.0 0
7-292 2 0.02531645569620253 1458 0.5318188950744706 64.0 0
7-293 2 0.03225806451612903 540 0.46178773736282897 74.0 0
7-294 8 0.09090909090909091 2268 1.8796283610449085 815.0 0
7-295 0 0.0 540 0 1.0 0
7-296 1 0.01694915254237288 324 0.2211514277946646 18.0 0
7-298 1 0.011764705882352941 1728 0.2211514277946646 58.0 0
7-299 0 0.0 594 0 13.0 0
7-301 1 0.013888888888888888 1026 0.2211514277946646 26.0 0
7-302 1 0.016666666666666666 378 0.2211514277946646 11.0 0
7-305 30 0.375 3024 7.508328581398904 1444.0 0
7-307 0 0.0 972 0 31.0 0
7-309 0 0.0 702 0 13.0 0
7-311 1 0.01694915254237288 324 0.2211514277946646 7.0 0
7-312 2 0.020618556701030927 2430 0.512358104014627 80.0 0
7-313 1 0.013513513513513514 1134 0.2211514277946646 33.0 0
7-314 27 0.313953488372093 3186 6.542238515288285 1572.0 0
7-315 11 0.12643678160919541 2376 2.5791678422005777 909.0 0
7-316 0 0.0 270 0 4.0 0
7-317 2 0.022727272727272728 1944 0.512358104014627 64.0 0
7-318 1 0.011764705882352941 1728 0.31066746727980593 58.0 0
7-319 0 0.0 162 0 2.0 0
7-320 1 0.017857142857142856 162 0.2211514277946646 6.0 0
7-321 2 0.02564102564102564 1404 0.64447566797514 55.0 0
7-322 1 0.01282051282051282 1350 0.2211514277946646 46.0 0
7-323 6 0.056074766355140186 3186 1.5013108746700494 326.0 0
7-324 0 0.0 864 0 6.0 0
7-326 1 0.014084507042253521 972 0.2211514277946646 38.0 0
7-327 0 0.0 216 0 13.0 0
7-328 6 0.06451612903225806 2430 1.5013108746700494 308.0 0
7-329 0 0.0 162 0 4.0 0
7-331 2 0.025 1512 0.512358104014627 56.0 0
7-332 1 0.012987012987012988 1296 0.2211514277946646 41.0 0
7-333 6 0.06521739130434782 2376 1.5013108746700494 306.0 0
7-334 0 0.0 1026 0 11.0 0
7-337 0 0.0 432 0 9.0 0
7-339 0 0.0 486 0 7.0 0
7-341 2 0.020833333333333332 2376 0.512358104014627 84.0 0
7-343 1 0.0136986301369863 1080 0.2211514277946646 39.0 0
7-345 1 0.017241379310344827 270 0.33380820069533407 5.0 0
7-346 2 0.02247191011235955 1998 0.512358104014627 63.0 0
7-347 0 0.0 486 0 48.0 0
7-348 1 0.014285714285714285 918 0.2211514277946646 26.0 0
7-349 2 0.03389830508474576 378 0.6604760492888175 24.0 0
7-350 0 0.0 378 0 3.0 0
7-351 1 0.014492753623188406 864 0.2211514277946646 25.0 0
7-352 0 0.0 432 0 9.0 0
7-353 1 0.013513513513513514 1134 0.2211514277946646 59.0 0
7-355 0 0.0 270 0 6.0 0
7-356 1 0.013333333333333334 1188 0.31066746727980593 54.0 0
7-357 0 0.0 216 0 6.0 0
7-359 0 0.0 108 0 1.0 0
7-360 0 0.0 270 0 10.0 0
7-361 1 0.01639344262295082 432 0.22953106112437666 97.0 0
7-362 0 0.0 54 0 1.0 0
7-363 0 0.0 864 0 43.0 0
7-364 1 0.014705882352941176 810 0.2211514277946646 23.0 0
7-365 0 0.0 756 0 5.0 0
7-366 1 0.015873015873015872 540 0.2211514277946646 36.0 0
7-367 1 0.013888888888888888 1026 0.2211514277946646 28.0 0
7-368 0 0.0 108 0 1.0 0
7-369 0 0.0 270 0 2.0 0
7-370 1 0.014705882352941176 810 0.2211514277946646 32.0 0
7-371 0 0.0 486 0 4.0 0
7-372 1 0.014084507042253521 972 0.2211514277946646 19.0 0
7-373 29 0.29591836734693877 3942 7.165102805472245 1775.0 0
7-374 0 0.0 162 0 2.0 0
7-375 0 0.0 162 0 3.0 0
7-376 0 0.0 918 0 13.0 0
7-377 0 0.0 108 0 1.0 0
7-378 7 0.07777777777777778 2322 1.792517550890012 284.0 0
7-380 1 0.011627906976744186 1782 0.31066746727980593 70.0 0
7-381 0 0.0 54 0 5.0 0
7-382 1 0.017241379310344827 270 0.2211514277946646 7.0 0
7-383 5 0.044642857142857144 3402 1.3896147678785218 236.0 0
7-385 1 0.017241379310344827 270 0.2211514277946646 7.0 0
7-386 0 0.0 648 0 29.0 0
7-387 3 0.030303030303030304 2592 0.9042059701474116 129.0 0
7-389 1 0.013157894736842105 1242 0.2211514277946646 38.0 0
7-390 0 0.0 378 0 15.0 0
7-392 0 0.0 810 0 25.0 0
7-393 1 0.016666666666666666 378 0.2211514277946646 14.0 0
7-394 0 0.0 378 0 3.0 0
7-395 1 0.01694915254237288 324 0.23782951347935782 36.0 0
7-396 0 0.0 378 0 2.0 0
7-397 2 0.025974025974025976 1350 0.512358104014627 72.0 0
7-400 1 0.014492753623188406 864 0.33380820069533407 37.0 0
7-401 1 0.01639344262295082 432 0.2211514277946646 16.0 0
7-402 0 0.0 108 0 1.0 0
7-404 5 0.05952380952380952 1890 1.354888459066453 127.0 0
7-405 1 0.0136986301369863 1080 0.2211514277946646 29.0 0
7-406 1 0.015151515151515152 702 0.2211514277946646 35.0 0
7-407 2 0.034482758620689655 324 0.5819221424197897 106.0 0
7-409 1 0.015873015873015872 540 0.33380820069533407 23.0 0
7-410 0 0.0 216 0 7.0 0
7-411 0 0.0 162 0 6.0 0
7-412 0 0.0 162 0 8.0 0
7-413 0 0.0 324 0 1.0 0
7-414 0 0.0 918 0 26.0 0
7-415 0 0.0 918 0 23.0 0
7-417 0 0.0 108 0 1.0 0
7-418 1 0.017543859649122806 216 0.2211514277946646 10.0 0
7-419 1 0.015151515151515152 702 0.2211514277946646 23.0 0
7-420 2 0.03076923076923077 702 0.4428386691186955 64.0 0
7-421 1 0.014285714285714285 918 0.2211514277946646 28.0 0
7-422 1 0.015873015873015872 540 0.2211514277946646 21.0 0
7-425 11 0.16176470588235295 1350 2.584415917346604 698.0 0
7-427 1 0.015384615384615385 648 0.2211514277946646 17.0 0
7-428 1 0.014084507042253521 972 0.31066746727980593 41.0 0
7-429 0 0.0 162 0 4.0 0
7-430 0 0.0 216 0 12.0 0
7-432 0 0.0 702 0 3.0 0
7-434 2 0.02631578947368421 1296 0.512358104014627 38.0 0
7-436 2 0.034482758620689655 324 0.4716565114658344 140.0 0
8-0 0 0.0 1273 0 4.0 0
8-2 0 0.0 871 0 1.0 0
8-5 0 0.0 469 0 1.0 0
8-13 2 0.018867924528301886 2747 0.4765778302500897 147.0 0
8-14 16 0.2191780821917808 1474 3.8607041418531107 919.0 0
8-15 43 0.5443037974683544 3685 10.542012935499017 2296.0 0
8-17 3 0.03225806451612903 1943 0.7555549327974691 114.0 0
8-18 0 0.0 268 0 2.0 0
8-19 2 0.01904761904761905 2680 0.4765778302500897 124.0 0
8-20 0 0.0 201 0 2.0 0
8-21 2 0.019417475728155338 2546 0.4765778302500897 121.0 0
8-23 0 0.0 2948 0 17.0 0
8-26 0 0.0 1206 0 9.0 0
8-29 0 0.0 402 0 65.0 0
8-30 0 0.0 1072 0 2.0 0
8-31 33 0.39285714285714285 3350 8.027377797236387 1995.0 0
8-32 0 0.0 1072 0 4.0 0
8-36 10 0.125 1541 2.3969681545080594 778.0 0
8-37 39 0.4588235294117647 3819 9.41374548661916 2380.0 0
8-39 2 0.017857142857142856 3149 0.4765778302500897 148.0 0
8-40 0 0.0 871 0 2.0 0
8-41 20 0.24390243902439024 2345 4.802308138945521 1318.0 0
8-42 0 0.0 603 0 4.0 0
8-43 0 0.0 1675 0 11.0 0
8-44 7 0.0945945945945946 938 1.7260960703977581 475.0 0
8-45 0 0.0 1206 0 29.0 0
8-46 0 0.0 670 0 3.0 0
8-50 0 0.0 402 0 8.0 0
8-51 3 0.02912621359223301 2613 0.7081939861498064 165.0 0
8-52 0 0.0 938 0 3.0 0
8-54 1 0.014285714285714285 268 0.23233849357411737 28.0 0
8-55 2 0.01834862385321101 2948 0.4765778302500897 149.0 0
8-56 2 0.018518518518518517 2881 0.4765778302500897 127.0 0
8-57 4 0.03669724770642202 3082 0.9489554700131175 224.0 0
8-60 21 0.25925925925925924 2345 5.038696069920027 1298.0 0
8-61 0 0.0 3350 0 34.0 0
8-62 0 0.0 737 0 1.0 0
8-66 0 0.0 670 0 1.0 0
8-67 0 0.0 1943 0 12.0 0
8-68 0 0.0 603 0 6.0 0
8-70 0 0.0 3082 0 26.0 0
8-71 0 0.0 402 0 1.0 0
8-72 0 0.0 804 0 2.0 0
8-73 0 0.0 1474 0 11.0 0
8-74 0 0.0 737 0 1.0 0
8-77 29 0.34523809523809523 3082 6.946398878588549 1818.0 0
8-78 15 0.2 1541 3.687443938444284 890.0 0
8-79 0 0.0 1474 0 36.0 0
8-81 2 0.01818181818181818 3015 0.4765778302500897 148.0 0
8-82 3 0.02830188679245283 2814 0.7061088913744663 197.0 0
8-83 2 0.018867924528301886 2747 0.48010554380097104 110.0 0
8-84 4 0.03669724770642202 3082 0.9298812274738374 277.0 0
8-86 21 0.2727272727272727 2077 5.183117019600896 1146.0 0
8-91 1 0.009174311926605505 2881 0.23233849357411737 36.0 0
8-92 21 0.26582278481012656 2211 5.047688517656552 1284.0 0
8-93 0 0.0 1206 0 2.0 0
8-94 2 0.017857142857142856 3149 0.4765778302500897 150.0 0
8-95 0 0.0 1407 0 4.0 0
8-98 1 0.0136986301369863 469 0.265872585674852 41.0 0
8-99 12 0.16 1340 2.93039301153782 751.0 0
8-102 4 0.03636363636363636 3149 0.9756937270875558 248.0 0
8-103 0 0.0 2412 0 12.0 0
8-104 2 0.021739130434782608 1809 0.47585549257568904 124.0 0
8-105 7 0.09722222222222222 804 1.7312589242842944 395.0 0
8-106 0 0.0 603 0 3.0 0
8-107 2 0.018018018018018018 3082 0.47585549257568904 180.0 0
8-109 0 0.0 1072 0 2.0 0
8-111 2 0.017391304347826087 3350 0.4765778302500897 151.0 0
8-112 46 0.5227272727272727 4489 11.33170640973324 2631.0 0
8-113 0 0.0 2680 0 21.0 0
8-114 1 0.009900990099009901 2345 0.23233849357411737 48.0 0
8-115 0 0.0 1675 0 17.0 0
8-116 0 0.0 469 0 5.0 0
8-117 0 0.0 2211 0 13.0 0
8-118 2 0.01652892561983471 3752 0.4765778302500897 145.0 0
8-120 1 0.014084507042253521 335 0.23782951347935782 57.0 0
8-121 1 0.012195121951219513 1072 0.2769378934088574 33.0 0
8-123 0 0.0 2144 0 22.0 0
8-124 0 0.0 938 0 2.0 0
8-125 0 0.0 268 0 1.0 0
8-126 0 0.0 2144 0 12.0 0
8-128 2 0.017391304347826087 3350 0.4765778302500897 146.0 0
8-130 0 0.0 1809 0 16.0 0
8-131 3 0.028846153846153848 2680 0.6911329107031055 180.0 0
8-132 1 0.009900990099009901 2345 0.2442393366759723 91.0 0
8-133 1 0.011111111111111112 1608 0.22953106112437666 63.0 0
8-134 2 0.01680672268907563 3618 0.4765778302500897 159.0 0
8-135 0 0.0 469 0 3.0 0
8-136 0 0.0 2546 0 8.0 0
8-138 2 0.017543859649122806 3283 0.4765778302500897 151.0 0
8-139 9 0.11688311688311688 1273 2.252763609563934 573.0 0
8-140 1 0.014492753623188406 201 0.23161615589971676 56.0 0
8-141 32 0.3902439024390244 3149 7.751873103770972 1897.0 0
8-142 0 0.0 1072 0 3.0 0
8-143 0 0.0 67 0 5.0 0
8-144 3 0.03333333333333333 1742 0.6843680364213353 179.0 0
8-146 1 0.011764705882352941 1273 0.23233849357411737 50.0 0
8-148 1 0.011235955056179775 1541 0.22953106112437666 90.0 0
8-149 0 0.0 1340 0 4.0 0
8-150 6 0.08450704225352113 670 1.5234800767365022 278.0 0
8-151 0 0.0 2345 0 8.0 0
8-152 0 0.0 335 0 70.0 0
8-154 1 0.012658227848101266 871 0.2769378934088574 33.0 0
8-155 1 0.011904761904761904 1206 0.23233849357411737 35.0 0
8-158 0 0.0 2479 0 10.0 0
8-159 5 0.06493506493506493 1005 1.237586563591193 361.0 0
8-160 0 0.0 536 0 3.0 0
8-162 2 0.01818181818181818 3015 0.4765778302500897 153.0 0
8-165 2 0.018518518518518517 2881 0.4765778302500897 147.0 0
8-166 2 0.019230769230769232 2613 0.4765778302500897 138.0 0
8-167 0 0.0 335 0 1.0 0
8-168 0 0.0 1273 0 8.0 0
8-169 0 0.0 1206 0 12.0 0
8-172 0 0.0 1139 0 3.0 0
8-173 0 0.0 603 0 9.0 0
8-174 38 0.5066666666666667 3082 9.142567280816913 2104.0 0
8-176 0 0.0 938 0 3.0 0
8-177 2 0.019230769230769232 2613 0.4765778302500897 137.0 0
8-178 1 0.014492753623188406 201 0.2611892565642242 36.0 0
8-180 2 0.018018018018018018 3082 0.4765778302500897 150.0 0
8-181 0 0.0 670 0 5.0 0
8-182 4 0.05333333333333334 804 0.9817144516108923 200.0 0
8-183 0 0.0 402 0 23.0 0
8-185 19 0.2345679012345679 2211 4.56902445116988 1222.0 0
8-186 1 0.013513513513513514 536 0.22953106112437666 59.0 0
8-189 0 0.0 871 0 15.0 0
8-190 0 0.0 469 0 2.0 0
8-191 0 0.0 871 0 1.0 0
8-192 0 0.0 670 0 12.0 0
8-193 15 0.1875 1876 3.5495633040678114 1039.0 0
8-194 0 0.0 938 0 5.0 0
8-195 2 0.01818181818181818 3015 0.4765778302500897 156.0 0
8-196 0 0.0 402 0 24.0 0
8-198 0 0.0 2211 0 17.0 0
8-199 1 0.014285714285714285 268 0.23161615589971676 57.0 0
8-200 0 0.0 201 0 1.0 0
8-201 2 0.019801980198019802 2412 0.4765778302500897 128.0 0
8-202 2 0.017543859649122806 3283 0.4765778302500897 153.0 0
8-203 0 0.0 1340 0 6.0 0
8-204 2 0.01834862385321101 2948 0.4765778302500897 149.0 0
8-206 3 0.027522935779816515 3015 0.71775565185622 223.0 0
8-211 0 0.0 737 0 1.0 0
8-212 21 0.25 2546 5.049283929394689 1393.0 0
8-213 0 0.0 1340 0 5.0 0
8-214 0 0.0 871 0 3.0 0
8-216 0 0.0 1072 0 12.0 0
8-219 4 0.037383177570093455 2948 0.9489554700131175 242.0 0
8-220 0 0.0 536 0 1.0 0
8-223 0 0.0 1541 0 18.0 0
8-224 0 0.0 737 0 11.0 0
8-226 0 0.0 603 0 2.0 0
8-227 0 0.0 1139 0 45.0 0
8-228 24 0.2823529411764706 2814 5.954498199476156 1493.0 0
8-229 31 0.3780487804878049 3082 7.527193593975557 1869.0 0
8-232 0 0.0 737 0 1.0 0
8-234 3 0.03571428571428571 1340 0.7272682286890866 90.0 0
8-235 29 0.37662337662337664 2613 7.126295555769584 1569.0 0
8-237 0 0.0 871 0 5.0 0
8-238 2 0.018518518518518517 2881 0.4765778302500897 146.0 0
8-240 0 0.0 335 0 1.0 0
8-241 2 0.02531645569620253 938 0.506468954533234 89.0 0
8-243 0 0.0 737 0 4.0 0
8-244 1 0.009259259259259259 2814 0.2442393366759723 119.0 0
8-245 0 0.0 1005 0 3.0 0
8-251 20 0.24691358024691357 2278 4.747923498438194 1336.0 0
8-254 17 0.22972972972972974 1608 4.192208554483961 902.0 0
8-257 23 0.2948717948717949 2278 5.548689107691537 1344.0 0
8-258 21 0.2727272727272727 2077 5.122764833435179 1187.0 0
8-259 2 0.02857142857142857 335 0.45854234381622916 114.0 0
8-260 0 0.0 2345 0 20.0 0
8-261 1 0.0136986301369863 469 0.265872585674852 36.0 0
8-263 0 0.0 335 0 3.0 0
8-264 2 0.019417475728155338 2546 0.4765778302500897 117.0 0
8-265 0 0.0 268 0 1.0 0
8-266 0 0.0 1005 0 4.0 0
8-267 19 0.2638888888888889 1608 4.678658929688461 986.0 0
8-268 0 0.0 134 0 1.0 0
8-269 29 0.35365853658536583 2948 7.092113217173199 1590.0 0
8-271 23 0.27710843373493976 2613 5.528744187949698 1486.0 0
8-272 2 0.018018018018018018 3082 0.4765778302500897 149.0 0
8-273 0 0.0 1273 0 7.0 0
8-275 2 0.020833333333333332 2077 0.4939476797472615 106.0 0
8-276 2 0.015873015873015872 4087 0.4765778302500897 154.0 0
8-277 1 0.006329113924050633 6164 0.2506903984389969 117.0 0
8-279 0 0.0 134 0 1.0 0
8-280 0 0.0 469 0 2.0 0
8-281 0 0.0 469 0 3.0 0
8-283 1 0.014285714285714285 268 0.2769378934088574 30.0 0
8-285 0 0.0 2479 0 26.0 0
8-286 0 0.0 469 0 1.0 0
8-289 0 0.0 134 0 1.0 0
8-291 0 0.0 938 0 2.0 0
8-292 0 0.0 1809 0 9.0 0
8-293 1 0.013157894736842105 670 0.2222316216158104 90.0 0
8-294 25 0.2976190476190476 2814 6.008149578640619 1598.0 0
8-296 0 0.0 402 0 4.0 0
8-298 0 0.0 2144 0 7.0 0
8-299 0 0.0 737 0 7.0 0
8-301 0 0.0 1273 0 5.0 0
8-302 0 0.0 469 0 2.0 0
8-309 0 0.0 871 0 4.0 0
8-311 0 0.0 402 0 1.0 0
8-312 0 0.0 3015 0 13.0 0
8-313 0 0.0 1407 0 9.0 0
8-315 28 0.3373493975903614 2948 6.79992841543257 1733.0 0
8-317 0 0.0 2412 0 12.0 0
8-318 0 0.0 2144 0 7.0 0
8-320 0 0.0 201 0 1.0 0
8-321 0 0.0 1742 0 10.0 0
8-322 0 0.0 1675 0 7.0 0
8-323 2 0.016129032258064516 3953 0.4765778302500897 154.0 0
8-324 0 0.0 1072 0 1.0 0
8-326 0 0.0 1206 0 11.0 0
8-327 0 0.0 268 0 6.0 0
8-328 2 0.01818181818181818 3015 0.4765778302500897 151.0 0
8-330 21 0.1891891891891892 4355 5.171362520297074 1159.0 0
8-331 0 0.0 1876 0 12.0 0
8-332 0 0.0 1608 0 4.0 0
8-333 2 0.01834862385321101 2948 0.4765778302500897 151.0 0
8-334 0 0.0 1273 0 2.0 0
8-335 38 0.5 3149 9.188421570620962 2066.0 0
8-337 0 0.0 536 0 2.0 0
8-338 1 0.01098901098901099 1675 0.2506903984389969 42.0 0
8-341 0 0.0 2948 0 16.0 0
8-343 0 0.0 1340 0 7.0 0
8-345 0 0.0 335 0 4.0 0
8-346 0 0.0 2479 0 12.0 0
8-347 1 0.013333333333333334 603 0.23161615589971676 59.0 0
8-348 0 0.0 1139 0 3.0 0
8-349 0 0.0 469 0 9.0 0
8-351 0 0.0 1072 0 7.0 0
8-352 0 0.0 536 0 2.0 0
8-353 0 0.0 1407 0 14.0 0
8-355 0 0.0 335 0 5.0 0
8-356 0 0.0 1474 0 8.0 0
8-357 0 0.0 268 0 1.0 0
8-360 0 0.0 335 0 25.0 0
8-361 2 0.0273972602739726 536 0.456457249040889 146.0 0
8-363 0 0.0 1072 0 8.0 0
8-364 0 0.0 1005 0 3.0 0
8-365 0 0.0 938 0 5.0 0
8-366 0 0.0 670 0 7.0 0
8-367 0 0.0 1273 0 2.0 0
8-370 0 0.0 1005 0 5.0 0
8-371 0 0.0 603 0 4.0 0
8-372 0 0.0 1206 0 2.0 0
8-376 0 0.0 1139 0 3.0 0
8-378 2 0.018518518518518517 2881 0.4765778302500897 143.0 0
8-380 0 0.0 2211 0 12.0 0
8-382 0 0.0 335 0 1.0 0
8-383 0 0.0 4221 0 74.0 0
8-385 0 0.0 335 0 2.0 0
8-386 0 0.0 804 0 8.0 0
8-387 0 0.0 3216 0 36.0 0
8-389 0 0.0 1541 0 1.0 0
8-390 0 0.0 469 0 2.0 0
8-392 0 0.0 1005 0 4.0 0
8-393 0 0.0 469 0 1.0 0
8-395 1 0.013888888888888888 402 0.23782951347935782 50.0 0
8-396 0 0.0 469 0 2.0 0
8-397 0 0.0 1675 0 23.0 0
8-400 0 0.0 1072 0 6.0 0
8-401 0 0.0 536 0 4.0 0
8-404 1 0.009900990099009901 2345 0.22953106112437666 79.0 0
8-405 0 0.0 1340 0 6.0 0
8-406 0 0.0 871 0 10.0 0
8-407 2 0.028169014084507043 402 0.48963681747473253 166.0 0
8-409 0 0.0 670 0 5.0 0
8-411 0 0.0 201 0 2.0 0
8-412 0 0.0 201 0 3.0 0
8-413 0 0.0 402 0 1.0 0
8-414 0 0.0 1139 0 2.0 0
8-418 0 0.0 268 0 2.0 0
8-419 0 0.0 871 0 5.0 0
8-420 1 0.012658227848101266 871 0.22168724132403095 63.0 0
8-421 0 0.0 1139 0 3.0 0
8-422 0 0.0 670 0 2.0 0
8-427 0 0.0 804 0 3.0 0
8-428 0 0.0 1206 0 5.0 0
8-430 0 0.0 268 0 4.0 0
8-432 0 0.0 871 0 5.0 0
8-434 0 0.0 1608 0 4.0 0
8-436 5 0.07352941176470588 402 1.26064531226398 248.0 0
9-0 0 0.0 665 0 2.0 0
9-2 0 0.0 455 0 1.0 0
9-4 19 0.3220338983050847 1505 4.517543725044249 943.0 0
9-5 0 0.0 245 0 1.0 0
9-6 14 0.22950819672131148 1400 3.261377434309705 867.0 0
9-11 21 0.3684210526315789 1505 5.0771625687220405 1058.0 0
9-13 0 0.0 1435 0 57.0 0
9-14 12 0.26666666666666666 770 2.869503198591532 484.0 0
9-15 20 0.2857142857142857 1925 4.775866165561668 1212.0 0
9-16 29 0.3972602739726027 2345 7.108260861936391 1502.0 0
9-17 1 0.015873015873015872 1015 0.2769378934088574 62.0 0
9-19 0 0.0 1400 0 40.0 0
9-21 0 0.0 1330 0 44.0 0
9-22 21 0.27631578947368424 2170 4.972313820882641 1332.0 0
9-23 0 0.0 1540 0 10.0 0
9-24 22 0.36065573770491804 1680 5.350721156594845 1127.0 0
9-25 15 0.2830188679245283 1155 3.708186374039853 746.0 0
9-26 0 0.0 630 0 8.0 0
9-27 23 0.3484848484848485 1890 5.435229381905238 1285.0 0
9-29 1 0.025 210 0.2729584204093974 31.0 0
9-30 0 0.0 560 0 1.0 0
9-31 18 0.26865671641791045 1750 4.352060325775493 1045.0 0
9-32 0 0.0 560 0 4.0 0
9-34 23 0.32857142857142857 2030 5.529040632855866 1306.0 0
9-36 7 0.13725490196078433 805 1.656380007550819 414.0 0
9-37 19 0.2602739726027397 1995 4.507310851590623 1242.0 0
9-38 26 0.36619718309859156 2170 6.3516867921595255 1442.0 0
9-39 0 0.0 1645 0 56.0 0
9-41 11 0.1864406779661017 1225 2.5632996348510146 696.0 0
9-42 0 0.0 315 0 3.0 0
9-43 0 0.0 875 0 9.0 0
9-44 5 0.11363636363636363 490 1.2376865863505004 268.0 0
9-45 0 0.0 630 0 20.0 0
9-46 0 0.0 350 0 3.0 0
9-47 26 0.36619718309859156 2170 6.258740813713154 1407.0 0
9-49 21 0.2625 2310 4.9714635089884105 1469.0 0
9-50 0 0.0 210 0 1.0 0
9-51 1 0.0136986301369863 1365 0.23161615589971676 69.0 0
9-52 0 0.0 490 0 2.0 0
9-53 10 0.19230769230769232 945 2.376993289269402 571.0 0
9-54 0 0.0 140 0 16.0 0
9-55 0 0.0 1540 0 57.0 0
9-56 0 0.0 1505 0 41.0 0
9-57 2 0.02531645569620253 1610 0.4723776397630278 95.0 0
9-60 10 0.16666666666666666 1225 2.3078098314913 691.0 0
9-61 0 0.0 1750 0 24.0 0
9-62 0 0.0 385 0 1.0 0
9-63 8 0.1702127659574468 700 1.886190382091415 451.0 0
9-64 21 0.2916666666666667 2030 4.9844024364321005 1255.0 0
9-66 0 0.0 350 0 1.0 0
9-67 0 0.0 1015 0 9.0 0
9-70 0 0.0 1610 0 13.0 0
9-71 0 0.0 210 0 1.0 0
9-72 0 0.0 420 0 2.0 0
9-73 0 0.0 770 0 9.0 0
9-74 0 0.0 385 0 1.0 0
9-77 19 0.3064516129032258 1610 4.539235449489083 965.0 0
9-78 7 0.13725490196078433 805 1.7299348429267714 462.0 0
9-79 0 0.0 770 0 16.0 0
9-81 0 0.0 1575 0 56.0 0
9-82 1 0.013157894736842105 1470 0.22953106112437666 81.0 0
9-83 1 0.013333333333333334 1435 0.23382699798647663 64.0 0
9-84 3 0.038461538461538464 1610 0.7679613776678725 130.0 0
9-87 29 0.3717948717948718 2520 7.047717431843968 1581.0 0
9-88 21 0.29577464788732394 1995 5.138851061284958 1205.0 0
9-91 0 0.0 1505 0 20.0 0
9-92 8 0.13333333333333333 1155 1.8792591208170972 670.0 0
9-93 0 0.0 630 0 2.0 0
9-94 0 0.0 1645 0 57.0 0
9-95 0 0.0 735 0 2.0 0
9-98 0 0.0 245 0 23.0 0
9-99 9 0.1956521739130435 700 2.239023990887195 401.0 0
9-100 19 0.3064516129032258 1610 4.5684008095690505 989.0 0
9-102 2 0.025 1645 0.49911589683746604 116.0 0
9-103 0 0.0 1260 0 10.0 0
9-104 1 0.01639344262295082 945 0.23161615589971676 53.0 0
9-106 0 0.0 315 0 3.0 0
9-107 1 0.0125 1610 0.23161615589971676 72.0 0
9-108 15 0.1595744680851064 2590 3.6446704263331067 702.0 0
9-109 0 0.0 560 0 2.0 0
9-110 18 0.3157894736842105 1400 4.354177761090484 949.0 0
9-111 0 0.0 1750 0 57.0 0
9-113 0 0.0 1400 0 11.0 0
9-114 0 0.0 1225 0 20.0 0
9-115 0 0.0 875 0 11.0 0
9-116 0 0.0 245 0 1.0 0
9-117 0 0.0 1155 0 9.0 0
9-118 0 0.0 1960 0 61.0 0
9-120 0 0.0 175 0 31.0 0
9-121 1 0.02 560 0.2769378934088574 19.0 0
9-123 0 0.0 1120 0 6.0 0
9-124 0 0.0 490 0 2.0 0
9-125 0 0.0 140 0 1.0 0
9-126 0 0.0 1120 0 10.0 0
9-127 22 0.3142857142857143 1995 5.213775212707672 1317.0 0
9-128 0 0.0 1750 0 57.0 0
9-130 0 0.0 945 0 9.0 0
9-131 3 0.041666666666666664 1400 0.6911329107031055 98.0 0
9-132 0 0.0 1225 0 25.0 0
9-133 1 0.017241379310344827 840 0.22953106112437666 31.0 0
9-134 0 0.0 1890 0 63.0 0
9-136 0 0.0 1330 0 4.0 0
9-138 0 0.0 1715 0 57.0 0
9-139 6 0.125 665 1.6583337425980287 319.0 0
9-140 1 0.02702702702702703 105 0.23161615589971676 31.0 0
9-141 20 0.3225806451612903 1645 5.06234618808046 1002.0 0
9-142 0 0.0 560 0 2.0 0
9-143 0 0.0 35 0 5.0 0
9-144 2 0.03389830508474576 910 0.44391886293984134 97.0 0
9-145 20 0.2777777777777778 1995 4.9167136224473005 1259.0 0
9-146 0 0.0 665 0 34.0 0
9-148 1 0.017543859649122806 805 0.22953106112437666 40.0 0
9-149 0 0.0 700 0 3.0 0
9-150 5 0.125 350 1.3462552173341416 161.0 0
9-151 0 0.0 1225 0 7.0 0
9-152 1 0.02564102564102564 175 0.23782951347935782 36.0 0
9-154 1 0.02127659574468085 455 0.2769378934088574 19.0 0
9-155 0 0.0 630 0 23.0 0
9-157 28 0.4117647058823529 2135 6.770899287582478 1417.0 0
9-158 0 0.0 1295 0 7.0 0
9-159 5 0.1111111111111111 525 1.2161002102339074 192.0 0
9-160 0 0.0 280 0 2.0 0
9-162 0 0.0 1575 0 58.0 0
9-163 27 0.34177215189873417 2485 6.519215785608462 1598.0 0
9-164 27 0.421875 1960 6.585079674312383 1350.0 0
9-165 0 0.0 1505 0 56.0 0
9-166 0 0.0 1365 0 55.0 0
9-167 0 0.0 175 0 1.0 0
9-168 0 0.0 665 0 3.0 0
9-169 0 0.0 630 0 5.0 0
9-170 25 0.33783783783783783 2240 6.042733007399504 1413.0 0
9-172 0 0.0 595 0 3.0 0
9-173 0 0.0 315 0 3.0 0
9-176 0 0.0 490 0 2.0 0
9-177 0 0.0 1365 0 55.0 0
9-178 0 0.0 105 0 19.0 0
9-179 13 0.21666666666666667 1330 3.0455072639404452 842.0 0
9-180 0 0.0 1610 0 57.0 0
9-181 0 0.0 350 0 2.0 0
9-182 1 0.021739130434782608 420 0.2518706487516997 108.0 0
9-183 0 0.0 210 0 18.0 0
9-185 11 0.19298245614035087 1155 2.5961213657728353 656.0 0
9-186 1 0.023809523809523808 280 0.22953106112437666 28.0 0
9-189 0 0.0 455 0 4.0 0
9-191 0 0.0 455 0 1.0 0
9-192 0 0.0 350 0 5.0 0
9-193 10 0.18867924528301888 980 2.4108419027357955 548.0 0
9-194 0 0.0 490 0 2.0 0
9-195 0 0.0 1575 0 59.0 0
9-196 1 0.025 210 0.31465798044412485 15.0 0
9-198 0 0.0 1155 0 10.0 0
9-199 1 0.02631578947368421 140 0.23161615589971676 32.0 0
9-201 0 0.0 1260 0 52.0 0
9-202 0 0.0 1715 0 58.0 0
9-203 0 0.0 700 0 3.0 0
9-204 0 0.0 1540 0 57.0 0
9-206 2 0.02564102564102564 1575 0.47351631518024767 98.0 0
9-211 0 0.0 385 0 1.0 0
9-212 13 0.21666666666666667 1330 3.0472922791921 740.0 0
9-213 0 0.0 700 0 5.0 0
9-214 0 0.0 455 0 3.0 0
9-216 0 0.0 560 0 6.0 0
9-219 2 0.025974025974025976 1540 0.4723776397630278 109.0 0
9-220 0 0.0 280 0 2.0 0
9-223 0 0.0 805 0 9.0 0
9-224 0 0.0 385 0 2.0 0
9-227 0 0.0 595 0 22.0 0
9-228 14 0.2222222222222222 1470 3.5635805563145033 781.0 0
9-229 16 0.24615384615384617 1610 3.8069937144807926 994.0 0
9-232 0 0.0 385 0 1.0 0
9-234 1 0.018518518518518517 700 0.2506903984389969 50.0 0
9-237 0 0.0 455 0 5.0 0
9-238 0 0.0 1505 0 55.0 0
9-239 26 0.38235294117647056 2065 6.2609563121006735 1410.0 0
9-240 0 0.0 175 0 2.0 0
9-241 2 0.0425531914893617 490 0.506468954533234 44.0 0
9-243 0 0.0 385 0 1.0 0
9-244 0 0.0 1470 0 38.0 0
9-245 0 0.0 525 0 4.0 0
9-246 12 0.14457831325301204 2100 2.91055592103954 457.0 0
9-248 25 0.36231884057971014 2065 6.0069790515392745 1367.0 0
9-251 15 0.2777777777777778 1190 3.5846532609850708 715.0 0
9-256 28 0.4 2205 6.846514200607717 1468.0 0
9-257 12 0.21052631578947367 1190 2.844732629096042 710.0 0
9-258 13 0.24528301886792453 1085 3.1623568527675947 620.0 0
9-259 2 0.05263157894736842 175 0.45854234381622916 57.0 0
9-260 0 0.0 1225 0 10.0 0
9-261 0 0.0 245 0 20.0 0
9-263 0 0.0 175 0 2.0 0
9-264 0 0.0 1330 0 40.0 0
9-265 0 0.0 140 0 1.0 0
9-266 0 0.0 525 0 1.0 0
9-267 9 0.18 840 2.101351865894869 520.0 0
9-269 12 0.1791044776119403 1540 3.048282626261534 840.0 0
9-270 22 0.3055555555555556 2065 5.266734288013023 1266.0 0
9-271 14 0.23333333333333334 1365 3.308858902917344 782.0 0
9-272 0 0.0 1610 0 56.0 0
9-273 0 0.0 665 0 2.0 0
9-274 27 0.375 2240 6.512434091620885 1484.0 0
9-275 1 0.015384615384615385 1085 0.2506903984389969 59.0 0
9-276 0 0.0 2135 0 62.0 0
9-277 2 0.016 3220 0.5236488188483943 67.0 0
9-279 0 0.0 70 0 1.0 0
9-281 0 0.0 245 0 3.0 0
9-282 25 0.38461538461538464 1925 6.089109577904378 1306.0 0
9-283 1 0.02631578947368421 140 0.2769378934088574 16.0 0
9-284 23 0.32857142857142857 2030 5.672163459064089 1189.0 0
9-285 0 0.0 1295 0 6.0 0
9-286 0 0.0 245 0 2.0 0
9-289 0 0.0 70 0 1.0 0
9-291 0 0.0 490 0 1.0 0
9-292 0 0.0 945 0 5.0 0
9-293 1 0.022727272727272728 350 0.2222316216158104 52.0 0
9-294 15 0.24193548387096775 1470 3.5491044528643365 847.0 0
9-296 0 0.0 210 0 2.0 0
9-298 0 0.0 1120 0 5.0 0
9-299 0 0.0 385 0 1.0 0
9-300 26 0.36619718309859156 2170 6.259630165377679 1423.0 0
9-301 0 0.0 665 0 3.0 0
9-302 0 0.0 245 0 2.0 0
9-307 0 0.0 630 0 1.0 0
9-309 0 0.0 455 0 1.0 0
9-311 0 0.0 210 0 2.0 0
9-312 0 0.0 1575 0 9.0 0
9-313 0 0.0 735 0 5.0 0
9-314 25 0.36231884057971014 2065 5.934190564860169 1386.0 0
9-315 14 0.2153846153846154 1540 3.2852746079523514 904.0 0
9-317 0 0.0 1260 0 9.0 0
9-318 0 0.0 1120 0 6.0 0
9-320 0 0.0 105 0 2.0 0
9-321 0 0.0 910 0 5.0 0
9-322 0 0.0 875 0 7.0 0
9-323 0 0.0 2065 0 59.0 0
9-324 0 0.0 560 0 2.0 0
9-326 0 0.0 630 0 5.0 0
9-327 0 0.0 140 0 3.0 0
9-328 0 0.0 1575 0 57.0 0
9-330 16 0.19047619047619047 2275 3.8606447543097144 591.0 0
9-331 0 0.0 980 0 9.0 0
9-332 0 0.0 840 0 3.0 0
9-333 0 0.0 1540 0 57.0 0
9-334 0 0.0 665 0 1.0 0
9-338 1 0.01694915254237288 875 0.2506903984389969 24.0 0
9-341 0 0.0 1540 0 10.0 0
9-343 0 0.0 700 0 4.0 0
9-345 0 0.0 175 0 2.0 0
9-346 0 0.0 1295 0 9.0 0
9-347 1 0.023255813953488372 315 0.23161615589971676 32.0 0
9-348 0 0.0 595 0 2.0 0
9-349 0 0.0 245 0 6.0 0
9-351 0 0.0 560 0 4.0 0
9-353 0 0.0 735 0 7.0 0
9-355 0 0.0 175 0 1.0 0
9-356 0 0.0 770 0 3.0 0
9-357 0 0.0 140 0 1.0 0
9-359 0 0.0 70 0 1.0 0
9-360 0 0.0 175 0 16.0 0
9-361 2 0.04878048780487805 280 0.456457249040889 68.0 0
9-363 0 0.0 560 0 2.0 0
9-364 0 0.0 525 0 2.0 0
9-365 0 0.0 490 0 5.0 0
9-366 0 0.0 350 0 3.0 0
9-367 0 0.0 665 0 2.0 0
9-370 0 0.0 525 0 2.0 0
9-371 0 0.0 315 0 4.0 0
9-372 0 0.0 630 0 2.0 0
9-373 26 0.3170731707317073 2555 6.258420164354933 1573.0 0
9-376 0 0.0 595 0 1.0 0
9-378 0 0.0 1505 0 56.0 0
9-380 0 0.0 1155 0 3.0 0
9-382 0 0.0 175 0 2.0 0
9-383 0 0.0 2205 0 17.0 0
9-385 0 0.0 175 0 2.0 0
9-386 0 0.0 420 0 1.0 0
9-387 0 0.0 1680 0 11.0 0
9-389 0 0.0 805 0 2.0 0
9-390 0 0.0 245 0 1.0 0
9-392 0 0.0 525 0 2.0 0
9-393 0 0.0 245 0 2.0 0
9-395 1 0.025 210 0.23782951347935782 28.0 0
9-396 0 0.0 245 0 2.0 0
9-397 0 0.0 875 0 10.0 0
9-400 0 0.0 560 0 2.0 0
9-401 0 0.0 280 0 5.0 0
9-404 1 0.014492753623188406 1225 0.22953106112437666 34.0 0
9-405 0 0.0 700 0 5.0 0
9-406 0 0.0 455 0 3.0 0
9-407 1 0.025 210 0.40242960438184466 91.0 0
9-409 0 0.0 350 0 1.0 0
9-412 0 0.0 105 0 1.0 0
9-413 0 0.0 210 0 1.0 0
9-414 0 0.0 595 0 1.0 0
9-418 0 0.0 140 0 2.0 0
9-419 0 0.0 455 0 4.0 0
9-420 1 0.02127659574468085 455 0.22168724132403095 35.0 0
9-421 0 0.0 595 0 2.0 0
9-422 0 0.0 350 0 2.0 0
9-425 15 0.3333333333333333 875 3.6208821682360894 613.0 0
9-427 0 0.0 420 0 3.0 0
9-428 0 0.0 630 0 3.0 0
9-432 0 0.0 455 0 1.0 0
9-434 0 0.0 840 0 3.0 0
9-436 2 0.05128205128205128 210 0.5484849784306015 138.0 0
10-0 0 0.0 893 0 4.0 0
10-2 0 0.0 611 0 1.0 0
10-4 26 0.40625 2021 6.351852148575579 1289.0 0
10-5 0 0.0 329 0 2.0 0
10-6 15 0.20833333333333334 1880 3.5925899781542063 1036.0 0
10-13 3 0.03529411764705882 1927 0.7161339459971082 175.0 0
10-14 11 0.1896551724137931 1034 2.6563250602212594 645.0 0
10-15 24 0.3076923076923077 2585 5.767760535112887 1553.0 0
10-17 3 0.0410958904109589 1363 0.7555549327974691 104.0 0
10-18 0 0.0 188 0 3.0 0
10-19 2 0.023529411764705882 1880 0.4765778302500897 156.0 0
10-20 0 0.0 141 0 3.0 0
10-21 2 0.024096385542168676 1786 0.4765778302500897 152.0 0
10-22 23 0.26744186046511625 2914 5.4668782037973545 1619.0 0
10-23 0 0.0 2068 0 20.0 0
10-26 0 0.0 846 0 10.0 0
10-29 1 0.019230769230769232 282 0.2729584204093974 53.0 0
10-30 0 0.0 752 0 1.0 0
10-31 21 0.27631578947368424 2350 5.114959707325029 1337.0 0
10-32 0 0.0 752 0 4.0 0
10-36 2 0.029411764705882353 1081 0.46213641480552486 430.0 0
10-37 22 0.2682926829268293 2679 5.281661753425988 1531.0 0
10-39 3 0.03296703296703297 2209 0.7161339459971082 176.0 0
10-40 0 0.0 611 0 3.0 0
10-41 8 0.10810810810810811 1645 1.871307037580412 790.0 0
10-42 0 0.0 423 0 6.0 0
10-43 0 0.0 1175 0 12.0 0
10-44 7 0.12962962962962962 658 1.7710242008032262 340.0 0
10-45 1 0.015625 846 0.23955611574701857 32.0 0
10-46 0 0.0 470 0 3.0 0
10-47 31 0.3974358974358974 2914 7.47123000735188 1805.0 0
10-48 36 0.4090909090909091 3619 8.841019625007352 2034.0 0
10-49 32 0.3950617283950617 3102 7.760096074390917 1841.0 0
10-50 0 0.0 282 0 10.0 0
10-51 3 0.03614457831325301 1833 0.7081939861498064 173.0 0
10-52 0 0.0 658 0 3.0 0
10-53 14 0.23333333333333334 1269 3.3439336523702554 772.0 0
10-54 1 0.02 188 0.23233849357411737 28.0 0
10-55 3 0.03409090909090909 2068 0.7161339459971082 178.0 0
10-56 2 0.022727272727272728 2021 0.4765778302500897 159.0 0
10-57 4 0.0449438202247191 2162 0.9489554700131175 241.0 0
10-58 29 0.32954545454545453 3290 6.99219519158093 1870.0 0
10-60 7 0.09333333333333334 1645 1.631089851113835 775.0 0
10-61 1 0.010416666666666666 2350 0.23955611574701857 34.0 0
10-62 0 0.0 517 0 1.0 0
10-63 10 0.17543859649122806 940 2.4382142074982798 616.0 0
