pair common_neigh jaccard pref_attach adamic sp_3 class
0-1 0 0.0 19 0 0.0 0
0-3 0 0.0 19 0 0.0 0
0-20 0 0.0 57 0 0.0 0
0-28 0 0.0 152 0 0.0 0
0-32 0 0.0 304 0 0.0 0
0-35 0 0.0 76 0 0.0 0
0-36 0 0.0 437 0 0.0 0
0-41 0 0.0 665 0 0.0 0
0-44 0 0.0 266 0 0.0 0
0-46 0 0.0 190 0 0.0 0
0-62 0 0.0 209 0 0.0 0
0-71 0 0.0 114 0 0.0 0
0-74 0 0.0 209 0 0.0 0
0-76 0 0.0 0 0 0.0 0
0-89 0 0.0 38 0 0.0 0
0-92 0 0.0 627 0 0.0 0
0-93 0 0.0 342 0 0.0 0
0-97 0 0.0 38 0 0.0 0
0-99 0 0.0 380 0 0.0 0
0-106 0 0.0 171 0 0.0 0
0-121 0 0.0 304 0 0.0 0
0-124 0 0.0 266 0 0.0 0
0-125 0 0.0 76 0 0.0 0
0-139 0 0.0 361 0 0.0 0
0-141 0 0.0 893 0 0.0 0
0-143 0 0.0 19 0 0.0 0
0-154 0 0.0 247 0 0.0 0
0-161 0 0.0 19 0 0.0 0
0-167 0 0.0 95 0 0.0 0
0-171 0 0.0 76 0 0.0 0
0-178 0 0.0 57 0 0.0 0
0-179 0 0.0 722 0 0.0 0
0-185 0 0.0 627 0 0.0 0
0-187 0 0.0 152 0 0.0 0
0-188 0 0.0 38 0 0.0 0
0-193 0 0.0 532 0 0.0 0
0-197 0 0.0 19 0 0.0 0
0-200 0 0.0 57 0 0.0 0
0-207 0 0.0 0 0 0.0 0
0-208 0 0.0 38 0 0.0 0
0-211 0 0.0 209 0 0.0 0
0-212 0 0.0 722 0 0.0 0
0-213 0 0.0 380 0 0.0 0
0-214 0 0.0 247 0 0.0 0
0-221 0 0.0 57 0 0.0 0
0-225 0 0.0 0 0 0.0 0
0-227 0 0.0 323 0 0.0 0
0-229 0 0.0 874 0 0.0 0
0-236 0 0.0 38 0 0.0 0
0-257 0 0.0 646 0 0.0 0
0-262 0 0.0 19 0 0.0 0
0-265 0 0.0 76 0 0.0 0
0-268 0 0.0 38 0 0.0 0
0-279 0 0.0 38 0 0.0 0
0-280 0 0.0 133 0 0.0 0
0-283 0 0.0 76 0 0.0 0
0-287 0 0.0 19 0 0.0 0
0-288 0 0.0 38 0 0.0 0
0-290 0 0.0 95 0 0.0 0
0-297 0 0.0 0 0 0.0 0
0-303 0 0.0 0 0 0.0 0
0-304 0 0.0 19 0 0.0 0
0-308 0 0.0 0 0 0.0 0
0-344 0 0.0 19 0 0.0 0
0-350 0 0.0 133 0 0.0 0
0-354 0 0.0 19 0 0.0 0
0-358 0 0.0 114 0 0.0 0
0-362 0 0.0 19 0 0.0 0
0-365 0 0.0 266 0 0.0 0
0-368 0 0.0 38 0 0.0 0
0-369 0 0.0 95 0 0.0 0
0-371 0 0.0 171 0 0.0 0
0-374 0 0.0 57 0 0.0 0
0-379 0 0.0 0 0 0.0 0
0-381 0 0.0 19 0 0.0 0
0-384 0 0.0 0 0 0.0 0
0-388 0 0.0 19 0 0.0 0
0-391 0 0.0 19 0 0.0 0
0-394 0 0.0 133 0 0.0 0
0-396 0 0.0 133 0 0.0 0
0-398 0 0.0 19 0 0.0 0
0-402 0 0.0 38 0 0.0 0
0-403 0 0.0 19 0 0.0 0
0-407 0 0.0 114 0 0.0 0
0-408 0 0.0 0 0 0.0 0
0-411 0 0.0 57 0 0.0 0
0-416 0 0.0 19 0 0.0 0
0-423 0 0.0 0 0 0.0 0
0-424 0 0.0 0 0 0.0 0
0-431 0 0.0 0 0 0.0 0
0-433 0 0.0 19 0 0.0 0
0-435 0 0.0 0 0 0.0 0
0-436 0 0.0 114 0 0.0 0
0-438 0 0.0 0 0 0.0 0
1-0 0 0.0 19 0 0.0 0
1-2 0 0.0 13 0 0.0 0
1-3 0 0.0 1 0 0.0 0
1-4 0 0.0 43 0 0.0 0
1-5 0 0.0 7 0 0.0 0
1-6 0 0.0 40 0 0.0 0
1-7 0 0.0 54 0 0.0 0
1-8 0 0.0 67 0 0.0 0
1-9 0 0.0 35 0 0.0 0
1-10 0 0.0 47 0 0.0 0
1-11 0 0.0 43 0 0.0 0
1-12 0 0.0 37 0 0.0 0
1-13 0 0.0 41 0 0.0 0
1-14 0 0.0 22 0 0.0 0
1-15 0 0.0 55 0 0.0 0
1-16 0 0.0 67 0 0.0 0
1-17 0 0.0 29 0 0.0 0
1-18 0 0.0 4 0 0.0 0
1-19 0 0.0 40 0 0.0 0
1-20 0 0.0 3 0 0.0 0
1-21 0 0.0 38 0 0.0 0
1-22 0 0.0 62 0 0.0 0
1-23 0 0.0 44 0 0.0 0
1-24 0 0.0 48 0 0.0 0
1-25 0 0.0 33 0 0.0 0
1-26 0 0.0 18 0 0.0 0
1-27 0 0.0 54 0 0.0 0
1-28 0 0.0 8 0 0.0 0
1-29 0 0.0 6 0 0.0 0
1-30 0 0.0 16 0 0.0 0
1-31 0 0.0 50 0 0.0 0
1-32 0 0.0 16 0 0.0 0
1-33 0 0.0 27 0 0.0 0
1-34 0 0.0 58 0 0.0 0
1-35 0 0.0 4 0 0.0 0
1-36 0 0.0 23 0 0.0 0
1-37 0 0.0 57 0 0.0 0
1-38 0 0.0 62 0 0.0 0
1-39 0 0.0 47 0 0.0 0
1-40 0 0.0 13 0 0.0 0
1-41 0 0.0 35 0 0.0 0
1-42 0 0.0 9 0 0.0 0
1-43 0 0.0 25 0 0.0 0
1-44 0 0.0 14 0 0.0 0
1-45 0 0.0 18 0 0.0 0
1-46 0 0.0 10 0 0.0 0
1-47 0 0.0 62 0 0.0 0
1-48 0 0.0 77 0 0.0 0
1-49 0 0.0 66 0 0.0 0
1-50 0 0.0 6 0 0.0 0
1-51 0 0.0 39 0 0.0 0
1-52 0 0.0 14 0 0.0 0
1-53 0 0.0 27 0 0.0 0
1-54 0 0.0 4 0 0.0 0
1-55 0 0.0 44 0 0.0 0
1-56 0 0.0 43 0 0.0 0
1-57 0 0.0 46 0 0.0 0
1-58 0 0.0 70 0 0.0 0
1-59 0 0.0 3 0 0.0 0
1-60 0 0.0 35 0 0.0 0
1-61 0 0.0 50 0 0.0 0
1-62 0 0.0 11 0 0.0 0
1-63 0 0.0 20 0 0.0 0
1-64 0 0.0 58 0 0.0 0
1-65 0 0.0 82 0 0.0 0
1-66 0 0.0 10 0 0.0 0
1-67 0 0.0 29 0 0.0 0
1-68 0 0.0 9 0 0.0 0
1-69 0 0.0 72 0 0.0 0
1-70 0 0.0 46 0 0.0 0
1-71 0 0.0 6 0 0.0 0
1-72 0 0.0 12 0 0.0 0
1-73 0 0.0 22 0 0.0 0
1-74 0 0.0 11 0 0.0 0
1-75 0 0.0 52 0 0.0 0
1-76 0 0.0 0 0 0.0 0
1-77 0 0.0 46 0 0.0 0
1-78 0 0.0 23 0 0.0 0
1-79 0 0.0 22 0 0.0 0
1-80 0 0.0 69 0 0.0 0
1-81 0 0.0 45 0 0.0 0
1-82 0 0.0 42 0 0.0 0
1-83 0 0.0 41 0 0.0 0
1-84 0 0.0 46 0 0.0 0
1-85 0 0.0 10 0 0.0 0
1-86 0 0.0 31 0 0.0 0
1-87 0 0.0 72 0 0.0 0
1-88 0 0.0 57 0 0.0 0
1-89 0 0.0 2 0 0.0 0
1-90 0 0.0 78 0 0.0 0
1-91 0 0.0 43 0 0.0 0
1-92 0 0.0 33 0 0.0 0
1-93 0 0.0 18 0 0.0 0
1-94 0 0.0 47 0 0.0 0
1-95 0 0.0 21 0 0.0 0
1-96 0 0.0 53 0 0.0 0
1-97 0 0.0 2 0 0.0 0
1-98 0 0.0 7 0 0.0 0
1-99 0 0.0 20 0 0.0 0
1-100 0 0.0 46 0 0.0 0
1-101 0 0.0 39 0 0.0 0
1-102 0 0.0 47 0 0.0 0
1-103 0 0.0 36 0 0.0 0
1-104 0 0.0 27 0 0.0 0
1-105 0 0.0 12 0 0.0 0
1-106 0 0.0 9 0 0.0 0
1-107 0 0.0 46 0 0.0 0
1-108 0 0.0 74 0 0.0 0
1-109 0 0.0 16 0 0.0 0
1-110 0 0.0 40 0 0.0 0
1-111 0 0.0 50 0 0.0 0
1-112 0 0.0 67 0 0.0 0
1-113 0 0.0 40 0 0.0 0
1-114 0 0.0 35 0 0.0 0
1-115 0 0.0 25 0 0.0 0
1-116 0 0.0 7 0 0.0 0
1-117 0 0.0 33 0 0.0 0
1-118 0 0.0 56 0 0.0 0
1-119 0 0.0 48 0 0.0 0
1-120 0 0.0 5 0 0.0 0
1-121 0 0.0 16 0 0.0 0
1-122 0 0.0 8 0 0.0 0
1-123 0 0.0 32 0 0.0 0
1-124 0 0.0 14 0 0.0 0
1-125 0 0.0 4 0 0.0 0
1-126 0 0.0 32 0 0.0 0
1-127 0 0.0 57 0 0.0 0
1-128 0 0.0 50 0 0.0 0
1-129 0 0.0 6 0 0.0 0
1-130 0 0.0 27 0 0.0 0
1-131 0 0.0 40 0 0.0 0
1-132 0 0.0 35 0 0.0 0
1-133 0 0.0 24 0 0.0 0
1-134 0 0.0 54 0 0.0 0
1-135 0 0.0 7 0 0.0 0
1-136 0 0.0 38 0 0.0 0
1-137 0 0.0 81 0 0.0 0
1-138 0 0.0 49 0 0.0 0
1-139 0 0.0 19 0 0.0 0
1-140 0 0.0 3 0 0.0 0
1-141 0 0.0 47 0 0.0 0
1-142 0 0.0 16 0 0.0 0
1-143 0 0.0 1 0 0.0 0
1-144 0 0.0 26 0 0.0 0
1-145 0 0.0 57 0 0.0 0
1-146 0 0.0 19 0 0.0 0
1-147 0 0.0 6 0 0.0 0
1-148 0 0.0 23 0 0.0 0
1-149 0 0.0 20 0 0.0 0
1-150 0 0.0 10 0 0.0 0
1-151 0 0.0 35 0 0.0 0
1-152 0 0.0 5 0 0.0 0
1-153 0 0.0 70 0 0.0 0
1-154 0 0.0 13 0 0.0 0
1-155 0 0.0 18 0 0.0 0
1-156 0 0.0 9 0 0.0 0
1-157 0 0.0 61 0 0.0 0
1-158 0 0.0 37 0 0.0 0
1-159 0 0.0 15 0 0.0 0
1-160 0 0.0 8 0 0.0 0
1-161 0 0.0 1 0 0.0 0
1-162 0 0.0 45 0 0.0 0
1-163 0 0.0 71 0 0.0 0
1-164 0 0.0 56 0 0.0 0
1-165 0 0.0 43 0 0.0 0
1-166 0 0.0 39 0 0.0 0
1-167 0 0.0 5 0 0.0 0
1-168 0 0.0 19 0 0.0 0
1-169 0 0.0 18 0 0.0 0
1-170 0 0.0 64 0 0.0 0
1-171 0 0.0 4 0 0.0 0
1-172 0 0.0 17 0 0.0 0
1-173 0 0.0 9 0 0.0 0
1-174 0 0.0 46 0 0.0 0
1-175 0 0.0 12 0 0.0 0
1-176 0 0.0 14 0 0.0 0
1-177 0 0.0 39 0 0.0 0
1-178 0 0.0 3 0 0.0 0
1-179 0 0.0 38 0 0.0 0
1-180 0 0.0 46 0 0.0 0
1-181 0 0.0 10 0 0.0 0
1-182 0 0.0 12 0 0.0 0
1-183 0 0.0 6 0 0.0 0
1-184 0 0.0 5 0 0.0 0
1-185 0 0.0 33 0 0.0 0
1-186 0 0.0 8 0 0.0 0
1-187 0 0.0 8 0 0.0 0
1-188 0 0.0 2 0 0.0 0
1-189 0 0.0 13 0 0.0 0
1-190 0 0.0 7 0 0.0 0
1-191 0 0.0 13 0 0.0 0
1-192 0 0.0 10 0 0.0 0
1-193 0 0.0 28 0 0.0 0
1-194 0 0.0 14 0 0.0 0
1-195 0 0.0 45 0 0.0 0
1-196 0 0.0 6 0 0.0 0
1-197 0 0.0 1 0 0.0 0
1-198 0 0.0 33 0 0.0 0
1-199 0 0.0 4 0 0.0 0
1-200 0 0.0 3 0 0.0 0
1-201 0 0.0 36 0 0.0 0
1-202 0 0.0 49 0 0.0 0
1-203 0 0.0 20 0 0.0 0
1-204 0 0.0 44 0 0.0 0
1-205 0 0.0 10 0 0.0 0
1-206 0 0.0 45 0 0.0 0
1-207 0 0.0 0 0 0.0 0
1-208 0 0.0 2 0 0.0 0
1-209 0 0.0 8 0 0.0 0
1-210 0 0.0 4 0 0.0 0
1-211 0 0.0 11 0 0.0 0
1-212 0 0.0 38 0 0.0 0
1-213 0 0.0 20 0 0.0 0
1-214 0 0.0 13 0 0.0 0
1-215 0 0.0 9 0 0.0 0
1-216 0 0.0 16 0 0.0 0
1-217 0 0.0 14 0 0.0 0
1-218 0 0.0 19 0 0.0 0
1-219 0 0.0 44 0 0.0 0
1-220 0 0.0 8 0 0.0 0
1-221 0 0.0 3 0 0.0 0
1-222 0 0.0 63 0 0.0 0
1-223 0 0.0 23 0 0.0 0
1-224 0 0.0 11 0 0.0 0
1-225 0 0.0 0 0 0.0 0
1-226 0 0.0 9 0 0.0 0
1-227 0 0.0 17 0 0.0 0
1-228 0 0.0 42 0 0.0 0
1-229 0 0.0 46 0 0.0 0
1-230 0 0.0 7 0 0.0 0
1-231 0 0.0 2 0 0.0 0
1-232 0 0.0 11 0 0.0 0
1-233 0 0.0 2 0 0.0 0
1-234 0 0.0 20 0 0.0 0
1-235 0 0.0 39 0 0.0 0
1-236 0 0.0 2 0 0.0 0
1-237 0 0.0 13 0 0.0 0
1-238 0 0.0 43 0 0.0 0
1-239 0 0.0 59 0 0.0 0
1-240 0 0.0 5 0 0.0 0
1-241 0 0.0 14 0 0.0 0
1-242 0 0.0 60 0 0.0 0
1-243 0 0.0 11 0 0.0 0
1-244 0 0.0 42 0 0.0 0
1-245 0 0.0 15 0 0.0 0
1-246 0 0.0 60 0 0.0 0
1-247 0 0.0 72 0 0.0 0
1-248 0 0.0 59 0 0.0 0
1-249 0 0.0 85 0 0.0 0
1-250 0 0.0 90 0 0.0 0
1-251 0 0.0 34 0 0.0 0
1-252 0 0.0 75 0 0.0 0
1-253 0 0.0 64 0 0.0 0
1-254 0 0.0 24 0 0.0 0
1-255 0 0.0 67 0 0.0 0
1-256 0 0.0 63 0 0.0 0
1-257 0 0.0 34 0 0.0 0
1-258 0 0.0 31 0 0.0 0
1-259 0 0.0 5 0 0.0 0
1-260 0 0.0 35 0 0.0 0
1-261 0 0.0 7 0 0.0 0
1-262 0 0.0 1 0 0.0 0
1-263 0 0.0 5 0 0.0 0
1-264 0 0.0 38 0 0.0 0
1-265 0 0.0 4 0 0.0 0
1-266 0 0.0 15 0 0.0 0
1-267 0 0.0 24 0 0.0 0
1-268 0 0.0 2 0 0.0 0
1-269 0 0.0 44 0 0.0 0
1-270 0 0.0 59 0 0.0 0
1-271 0 0.0 39 0 0.0 0
1-272 0 0.0 46 0 0.0 0
1-273 0 0.0 19 0 0.0 0
1-274 0 0.0 64 0 0.0 0
1-275 0 0.0 31 0 0.0 0
1-276 0 0.0 61 0 0.0 0
1-277 0 0.0 92 0 0.0 0
1-278 0 0.0 14 0 0.0 0
1-279 0 0.0 2 0 0.0 0
1-280 0 0.0 7 0 0.0 0
1-281 0 0.0 7 0 0.0 0
1-282 0 0.0 55 0 0.0 0
1-283 0 0.0 4 0 0.0 0
1-284 0 0.0 58 0 0.0 0
1-285 0 0.0 37 0 0.0 0
1-286 0 0.0 7 0 0.0 0
1-288 0 0.0 2 0 0.0 0
1-289 0 0.0 2 0 0.0 0
1-290 0 0.0 5 0 0.0 0
1-291 0 0.0 14 0 0.0 0
1-292 0 0.0 27 0 0.0 0
1-293 0 0.0 10 0 0.0 0
1-294 0 0.0 42 0 0.0 0
1-295 0 0.0 10 0 0.0 0
1-296 0 0.0 6 0 0.0 0
1-297 0 0.0 0 0 0.0 0
1-298 0 0.0 32 0 0.0 0
1-299 0 0.0 11 0 0.0 0
1-300 0 0.0 62 0 0.0 0
1-301 0 0.0 19 0 0.0 0
1-302 0 0.0 7 0 0.0 0
1-303 0 0.0 0 0 0.0 0
1-304 0 0.0 1 0 0.0 0
1-305 0 0.0 56 0 0.0 0
1-306 0 0.0 91 0 0.0 0
1-307 0 0.0 18 0 0.0 0
1-308 0 0.0 0 0 0.0 0
1-309 0 0.0 13 0 0.0 0
1-310 0 0.0 7 0 0.0 0
1-311 0 0.0 6 0 0.0 0
1-312 0 0.0 45 0 0.0 0
1-313 0 0.0 21 0 0.0 0
1-314 0 0.0 59 0 0.0 0
1-315 0 0.0 44 0 0.0 0
1-316 0 0.0 5 0 0.0 0
1-317 0 0.0 36 0 0.0 0
1-318 0 0.0 32 0 0.0 0
1-319 0 0.0 3 0 0.0 0
1-320 0 0.0 3 0 0.0 0
1-321 0 0.0 26 0 0.0 0
1-322 0 0.0 25 0 0.0 0
1-323 0 0.0 59 0 0.0 0
1-324 0 0.0 16 0 0.0 0
1-325 0 0.0 3 0 0.0 0
1-326 0 0.0 18 0 0.0 0
1-327 0 0.0 4 0 0.0 0
1-328 0 0.0 45 0 0.0 0
1-329 0 0.0 3 0 0.0 0
1-330 0 0.0 65 0 0.0 0
1-331 0 0.0 28 0 0.0 0
1-332 0 0.0 24 0 0.0 0
1-333 0 0.0 44 0 0.0 0
1-334 0 0.0 19 0 0.0 0
1-335 0 0.0 47 0 0.0 0
1-336 0 0.0 76 0 0.0 0
1-337 0 0.0 8 0 0.0 0
1-338 0 0.0 25 0 0.0 0
1-339 0 0.0 9 0 0.0 0
1-340 0 0.0 5 0 0.0 0
1-341 0 0.0 44 0 0.0 0
1-342 0 0.0 12 0 0.0 0
1-343 0 0.0 20 0 0.0 0
1-344 0 0.0 1 0 0.0 0
1-345 0 0.0 5 0 0.0 0
1-346 0 0.0 37 0 0.0 0
1-347 0 0.0 9 0 0.0 0
1-348 0 0.0 17 0 0.0 0
1-349 0 0.0 7 0 0.0 0
1-350 0 0.0 7 0 0.0 0
1-351 0 0.0 16 0 0.0 0
1-352 0 0.0 8 0 0.0 0
1-353 0 0.0 21 0 0.0 0
1-354 0 0.0 1 0 0.0 0
1-355 0 0.0 5 0 0.0 0
1-356 0 0.0 22 0 0.0 0
1-357 0 0.0 4 0 0.0 0
1-358 0 0.0 6 0 0.0 0
1-359 0 0.0 2 0 0.0 0
1-360 0 0.0 5 0 0.0 0
1-361 0 0.0 8 0 0.0 0
1-362 0 0.0 1 0 0.0 0
1-363 0 0.0 16 0 0.0 0
1-364 0 0.0 15 0 0.0 0
1-365 0 0.0 14 0 0.0 0
1-366 0 0.0 10 0 0.0 0
1-367 0 0.0 19 0 0.0 0
1-368 0 0.0 2 0 0.0 0
1-369 0 0.0 5 0 0.0 0
1-370 0 0.0 15 0 0.0 0
1-371 0 0.0 9 0 0.0 0
1-372 0 0.0 18 0 0.0 0
1-373 0 0.0 73 0 0.0 0
1-374 0 0.0 3 0 0.0 0
1-375 0 0.0 3 0 0.0 0
1-376 0 0.0 17 0 0.0 0
1-377 0 0.0 2 0 0.0 0
1-378 0 0.0 43 0 0.0 0
1-379 0 0.0 0 0 0.0 0
1-380 0 0.0 33 0 0.0 0
1-381 0 0.0 1 0 0.0 0
1-382 0 0.0 5 0 0.0 0
1-383 0 0.0 63 0 0.0 0
1-384 0 0.0 0 0 0.0 0
1-385 0 0.0 5 0 0.0 0
1-386 0 0.0 12 0 0.0 0
1-387 0 0.0 48 0 0.0 0
1-388 0 0.0 1 0 0.0 0
1-389 0 0.0 23 0 0.0 0
1-390 0 0.0 7 0 0.0 0
1-391 0 0.0 1 0 0.0 0
1-392 0 0.0 15 0 0.0 0
1-393 0 0.0 7 0 0.0 0
1-394 0 0.0 7 0 0.0 0
1-395 0 0.0 6 0 0.0 0
1-396 0 0.0 7 0 0.0 0
1-397 0 0.0 25 0 0.0 0
1-398 0 0.0 1 0 0.0 0
1-399 0 0.0 3 0 0.0 0
1-400 0 0.0 16 0 0.0 0
1-401 0 0.0 8 0 0.0 0
1-402 0 0.0 2 0 0.0 0
1-403 0 0.0 1 0 0.0 0
1-404 0 0.0 35 0 0.0 0
1-405 0 0.0 20 0 0.0 0
1-406 0 0.0 13 0 0.0 0
1-407 0 0.0 6 0 0.0 0
1-408 0 0.0 0 0 0.0 0
1-409 0 0.0 10 0 0.0 0
1-410 0 0.0 4 0 0.0 0
1-411 0 0.0 3 0 0.0 0
1-412 0 0.0 3 0 0.0 0
1-413 0 0.0 6 0 0.0 0
1-414 0 0.0 17 0 0.0 0
1-415 0 0.0 17 0 0.0 0
1-416 0 0.0 1 0 0.0 0
1-417 0 0.0 2 0 0.0 0
1-418 0 0.0 4 0 0.0 0
1-419 0 0.0 13 0 0.0 0
1-420 0 0.0 13 0 0.0 0
1-421 0 0.0 17 0 0.0 0
1-422 0 0.0 10 0 0.0 0
1-423 0 0.0 0 0 0.0 0
1-424 0 0.0 0 0 0.0 0
1-425 0 0.0 25 0 0.0 0
1-426 0 0.0 1 0 0.0 0
1-427 0 0.0 12 0 0.0 0
1-428 0 0.0 18 0 0.0 0
1-429 0 0.0 3 0 0.0 0
1-430 0 0.0 4 0 0.0 0
1-431 0 0.0 0 0 0.0 0
1-432 0 0.0 13 0 0.0 0
1-433 0 0.0 1 0 0.0 0
1-434 0 0.0 24 0 0.0 0
1-435 0 0.0 0 0 0.0 0
1-436 0 0.0 6 0 0.0 0
1-437 0 0.0 1 0 0.0 0
1-438 0 0.0 0 0 0.0 0
2-1 0 0.0 13 0 0.0 0
2-3 0 0.0 13 0 0.0 0
2-6 0 0.0 520 0 0.0 0
2-12 0 0.0 481 0 0.0 0
2-18 0 0.0 52 0 0.0 0
2-20 0 0.0 39 0 0.0 0
2-28 0 0.0 104 0 0.0 0
2-32 0 0.0 208 0 0.0 0
2-35 0 0.0 52 0 0.0 0
2-36 0 0.0 299 0 0.0 0
2-40 0 0.0 169 0 0.0 0
2-41 0 0.0 455 0 0.0 0
2-44 0 0.0 182 0 0.0 0
2-46 0 0.0 130 0 0.0 0
2-50 0 0.0 78 0 0.0 0
2-54 0 0.0 52 0 0.0 0
2-59 0 0.0 39 0 0.0 0
2-62 0 0.0 143 0 0.0 0
2-64 0 0.0 754 0 0.0 0
2-68 0 0.0 117 0 0.0 0
2-71 0 0.0 78 0 0.0 0
2-74 0 0.0 143 0 0.0 0
2-75 0 0.0 676 0 0.0 0
2-76 0 0.0 0 0 0.0 0
2-77 0 0.0 598 0 0.0 0
2-85 0 0.0 130 0 0.0 0
2-86 0 0.0 403 0 0.0 0
2-89 0 0.0 26 0 0.0 0
2-92 0 0.0 429 0 0.0 0
2-93 0 0.0 234 0 0.0 0
2-97 0 0.0 26 0 0.0 0
2-99 0 0.0 260 0 0.0 0
2-106 0 0.0 117 0 0.0 0
2-116 0 0.0 91 0 0.0 0
2-119 0 0.0 624 0 0.0 0
2-120 0 0.0 65 0 0.0 0
2-121 0 0.0 208 0 0.0 0
2-124 0 0.0 182 0 0.0 0
2-125 0 0.0 52 0 0.0 0
2-139 0 0.0 247 0 0.0 0
2-140 0 0.0 39 0 0.0 0
2-141 0 0.0 611 0 0.0 0
2-143 0 0.0 13 0 0.0 0
2-150 0 0.0 130 0 0.0 0
2-154 0 0.0 169 0 0.0 0
2-156 0 0.0 117 0 0.0 0
2-161 0 0.0 13 0 0.0 0
2-167 0 0.0 65 0 0.0 0
2-171 0 0.0 52 0 0.0 0
2-173 0 0.0 117 0 0.0 0
2-174 0 0.0 598 0 0.0 0
2-178 0 0.0 39 0 0.0 0
2-179 0 0.0 494 0 0.0 0
2-181 0 0.0 130 0 0.0 0
2-182 0 0.0 156 0 0.0 0
2-185 0 0.0 429 0 0.0 0
2-187 0 0.0 104 0 0.0 0
2-188 0 0.0 26 0 0.0 0
2-189 0 0.0 169 0 0.0 0
2-190 0 0.0 91 0 0.0 0
2-193 0 0.0 364 0 0.0 0
2-194 0 0.0 182 0 0.0 0
2-196 0 0.0 78 0 0.0 0
2-197 0 0.0 13 0 0.0 0
2-199 0 0.0 52 0 0.0 0
2-200 0 0.0 39 0 0.0 0
2-207 0 0.0 0 0 0.0 0
2-208 0 0.0 26 0 0.0 0
2-210 0 0.0 52 0 0.0 0
2-211 0 0.0 143 0 0.0 0
2-212 0 0.0 494 0 0.0 0
2-213 0 0.0 260 0 0.0 0
2-214 0 0.0 169 0 0.0 0
2-216 0 0.0 208 0 0.0 0
2-221 0 0.0 39 0 0.0 0
2-225 0 0.0 0 0 0.0 0
2-226 0 0.0 117 0 0.0 0
2-227 0 0.0 221 0 0.0 0
2-229 0 0.0 598 0 0.0 0
2-235 0 0.0 507 0 0.0 0
2-236 0 0.0 26 0 0.0 0
2-243 0 0.0 143 0 0.0 0
2-257 0 0.0 442 0 0.0 0
2-259 0 0.0 65 0 0.0 0
2-262 0 0.0 13 0 0.0 0
2-263 0 0.0 65 0 0.0 0
2-265 0 0.0 52 0 0.0 0
2-268 0 0.0 26 0 0.0 0
2-279 0 0.0 26 0 0.0 0
2-282 0 0.0 715 0 0.0 0
2-283 0 0.0 52 0 0.0 0
2-287 0 0.0 13 0 0.0 0
2-288 0 0.0 26 0 0.0 0
2-289 0 0.0 26 0 0.0 0
2-290 0 0.0 65 0 0.0 0
2-295 0 0.0 130 0 0.0 0
2-297 0 0.0 0 0 0.0 0
2-299 0 0.0 143 0 0.0 0
2-303 0 0.0 0 0 0.0 0
2-304 0 0.0 13 0 0.0 0
2-308 0 0.0 0 0 0.0 0
2-316 0 0.0 65 0 0.0 0
2-320 0 0.0 39 0 0.0 0
2-327 0 0.0 52 0 0.0 0
2-329 0 0.0 39 0 0.0 0
2-335 0 0.0 611 0 0.0 0
2-337 0 0.0 104 0 0.0 0
2-344 0 0.0 13 0 0.0 0
2-345 0 0.0 65 0 0.0 0
2-350 0 0.0 91 0 0.0 0
2-352 0 0.0 104 0 0.0 0
2-354 0 0.0 13 0 0.0 0
2-355 0 0.0 65 0 0.0 0
2-358 0 0.0 78 0 0.0 0
2-360 0 0.0 65 0 0.0 0
2-365 0 0.0 182 0 0.0 0
2-368 0 0.0 26 0 0.0 0
2-369 0 0.0 65 0 0.0 0
2-371 0 0.0 117 0 0.0 0
2-375 0 0.0 39 0 0.0 0
2-377 0 0.0 26 0 0.0 0
2-379 0 0.0 0 0 0.0 0
2-381 0 0.0 13 0 0.0 0
2-384 0 0.0 0 0 0.0 0
2-385 0 0.0 65 0 0.0 0
2-386 0 0.0 156 0 0.0 0
2-388 0 0.0 13 0 0.0 0
2-391 0 0.0 13 0 0.0 0
2-394 0 0.0 91 0 0.0 0
2-395 0 0.0 78 0 0.0 0
2-396 0 0.0 91 0 0.0 0
2-398 0 0.0 13 0 0.0 0
2-402 0 0.0 26 0 0.0 0
2-403 0 0.0 13 0 0.0 0
2-407 0 0.0 78 0 0.0 0
2-408 0 0.0 0 0 0.0 0
2-409 0 0.0 130 0 0.0 0
2-411 0 0.0 39 0 0.0 0
2-416 0 0.0 13 0 0.0 0
2-417 0 0.0 26 0 0.0 0
2-418 0 0.0 52 0 0.0 0
2-423 0 0.0 0 0 0.0 0
2-424 0 0.0 0 0 0.0 0
2-426 0 0.0 13 0 0.0 0
2-429 0 0.0 39 0 0.0 0
2-430 0 0.0 52 0 0.0 0
2-431 0 0.0 0 0 0.0 0
2-432 0 0.0 169 0 0.0 0
2-433 0 0.0 13 0 0.0 0
2-435 0 0.0 0 0 0.0 0
2-436 0 0.0 78 0 0.0 0
2-437 0 0.0 13 0 0.0 0
2-438 0 0.0 0 0 0.0 0
3-0 0 0.0 19 0 0.0 0
3-1 0 0.0 1 0 0.0 0
3-2 0 0.0 13 0 0.0 0
3-4 0 0.0 43 0 0.0 0
3-5 0 0.0 7 0 0.0 0
3-6 0 0.0 40 0 0.0 0
3-7 0 0.0 54 0 0.0 0
3-8 0 0.0 67 0 0.0 0
3-9 0 0.0 35 0 0.0 0
3-10 0 0.0 47 0 0.0 0
3-11 0 0.0 43 0 0.0 0
3-12 0 0.0 37 0 0.0 0
3-13 0 0.0 41 0 0.0 0
3-14 0 0.0 22 0 0.0 0
3-15 0 0.0 55 0 0.0 0
3-16 0 0.0 67 0 0.0 0
3-17 0 0.0 29 0 0.0 0
3-18 0 0.0 4 0 0.0 0
3-19 0 0.0 40 0 0.0 0
3-20 0 0.0 3 0 0.0 0
3-21 0 0.0 38 0 0.0 0
3-22 0 0.0 62 0 0.0 0
3-23 0 0.0 44 0 0.0 0
3-24 0 0.0 48 0 0.0 0
3-25 0 0.0 33 0 0.0 0
3-26 0 0.0 18 0 0.0 0
3-27 0 0.0 54 0 0.0 0
3-28 0 0.0 8 0 0.0 0
3-29 0 0.0 6 0 0.0 0
3-30 0 0.0 16 0 0.0 0
3-31 0 0.0 50 0 0.0 0
3-32 0 0.0 16 0 0.0 0
3-33 0 0.0 27 0 0.0 0
3-34 0 0.0 58 0 0.0 0
3-35 0 0.0 4 0 0.0 0
3-36 0 0.0 23 0 0.0 0
3-37 0 0.0 57 0 0.0 0
3-38 0 0.0 62 0 0.0 0
3-39 0 0.0 47 0 0.0 0
3-40 0 0.0 13 0 0.0 0
3-41 0 0.0 35 0 0.0 0
3-42 0 0.0 9 0 0.0 0
3-43 0 0.0 25 0 0.0 0
3-44 0 0.0 14 0 0.0 0
3-45 0 0.0 18 0 0.0 0
3-46 0 0.0 10 0 0.0 0
3-47 0 0.0 62 0 0.0 0
3-48 0 0.0 77 0 0.0 0
3-49 0 0.0 66 0 0.0 0
3-50 0 0.0 6 0 0.0 0
3-51 0 0.0 39 0 0.0 0
3-52 0 0.0 14 0 0.0 0
3-53 0 0.0 27 0 0.0 0
3-54 0 0.0 4 0 0.0 0
3-55 0 0.0 44 0 0.0 0
3-56 0 0.0 43 0 0.0 0
3-57 0 0.0 46 0 0.0 0
3-58 0 0.0 70 0 0.0 0
3-59 0 0.0 3 0 0.0 0
3-60 0 0.0 35 0 0.0 0
3-61 0 0.0 50 0 0.0 0
3-62 0 0.0 11 0 0.0 0
3-63 0 0.0 20 0 0.0 0
3-64 0 0.0 58 0 0.0 0
3-65 0 0.0 82 0 0.0 0
3-66 0 0.0 10 0 0.0 0
3-67 0 0.0 29 0 0.0 0
3-68 0 0.0 9 0 0.0 0
3-69 0 0.0 72 0 0.0 0
3-70 0 0.0 46 0 0.0 0
3-71 0 0.0 6 0 0.0 0
3-72 0 0.0 12 0 0.0 0
3-73 0 0.0 22 0 0.0 0
3-74 0 0.0 11 0 0.0 0
3-75 0 0.0 52 0 0.0 0
3-76 0 0.0 0 0 0.0 0
3-77 0 0.0 46 0 0.0 0
3-78 0 0.0 23 0 0.0 0
3-79 0 0.0 22 0 0.0 0
3-80 0 0.0 69 0 0.0 0
3-81 0 0.0 45 0 0.0 0
3-82 0 0.0 42 0 0.0 0
3-83 0 0.0 41 0 0.0 0
3-84 0 0.0 46 0 0.0 0
3-85 0 0.0 10 0 0.0 0
3-86 0 0.0 31 0 0.0 0
3-87 0 0.0 72 0 0.0 0
3-88 0 0.0 57 0 0.0 0
3-89 0 0.0 2 0 0.0 0
3-90 0 0.0 78 0 0.0 0
3-91 0 0.0 43 0 0.0 0
3-92 0 0.0 33 0 0.0 0
3-93 0 0.0 18 0 0.0 0
3-94 0 0.0 47 0 0.0 0
3-95 0 0.0 21 0 0.0 0
3-96 0 0.0 53 0 0.0 0
3-97 0 0.0 2 0 0.0 0
3-98 0 0.0 7 0 0.0 0
3-99 0 0.0 20 0 0.0 0
3-100 0 0.0 46 0 0.0 0
3-101 0 0.0 39 0 0.0 0
3-102 0 0.0 47 0 0.0 0
3-103 0 0.0 36 0 0.0 0
3-104 0 0.0 27 0 0.0 0
3-105 0 0.0 12 0 0.0 0
3-106 0 0.0 9 0 0.0 0
3-107 0 0.0 46 0 0.0 0
3-108 0 0.0 74 0 0.0 0
3-109 0 0.0 16 0 0.0 0
3-110 0 0.0 40 0 0.0 0
3-111 0 0.0 50 0 0.0 0
3-112 0 0.0 67 0 0.0 0
3-113 0 0.0 40 0 0.0 0
3-114 0 0.0 35 0 0.0 0
3-115 0 0.0 25 0 0.0 0
3-116 0 0.0 7 0 0.0 0
3-117 0 0.0 33 0 0.0 0
3-118 0 0.0 56 0 0.0 0
3-119 0 0.0 48 0 0.0 0
3-120 0 0.0 5 0 0.0 0
3-121 0 0.0 16 0 0.0 0
3-122 0 0.0 8 0 0.0 0
3-123 0 0.0 32 0 0.0 0
3-124 0 0.0 14 0 0.0 0
3-125 0 0.0 4 0 0.0 0
3-126 0 0.0 32 0 0.0 0
3-127 0 0.0 57 0 0.0 0
3-128 0 0.0 50 0 0.0 0
3-129 0 0.0 6 0 0.0 0
3-130 0 0.0 27 0 0.0 0
3-131 0 0.0 40 0 0.0 0
3-132 0 0.0 35 0 0.0 0
3-133 0 0.0 24 0 0.0 0
3-134 0 0.0 54 0 0.0 0
3-135 0 0.0 7 0 0.0 0
3-136 0 0.0 38 0 0.0 0
3-137 0 0.0 81 0 0.0 0
3-138 0 0.0 49 0 0.0 0
3-139 0 0.0 19 0 0.0 0
3-140 0 0.0 3 0 0.0 0
3-141 0 0.0 47 0 0.0 0
3-142 0 0.0 16 0 0.0 0
3-143 0 0.0 1 0 0.0 0
3-144 0 0.0 26 0 0.0 0
3-145 0 0.0 57 0 0.0 0
3-146 0 0.0 19 0 0.0 0
3-147 0 0.0 6 0 0.0 0
3-148 0 0.0 23 0 0.0 0
3-149 0 0.0 20 0 0.0 0
3-150 0 0.0 10 0 0.0 0
3-151 0 0.0 35 0 0.0 0
3-152 0 0.0 5 0 0.0 0
3-153 0 0.0 70 0 0.0 0
3-154 0 0.0 13 0 0.0 0
3-155 0 0.0 18 0 0.0 0
3-156 0 0.0 9 0 0.0 0
3-157 0 0.0 61 0 0.0 0
3-158 0 0.0 37 0 0.0 0
3-159 0 0.0 15 0 0.0 0
3-160 0 0.0 8 0 0.0 0
3-161 0 0.0 1 0 0.0 0
3-162 0 0.0 45 0 0.0 0
3-163 0 0.0 71 0 0.0 0
3-164 0 0.0 56 0 0.0 0
3-165 0 0.0 43 0 0.0 0
3-166 0 0.0 39 0 0.0 0
3-167 0 0.0 5 0 0.0 0
3-168 0 0.0 19 0 0.0 0
3-169 0 0.0 18 0 0.0 0
3-170 0 0.0 64 0 0.0 0
3-171 0 0.0 4 0 0.0 0
3-172 0 0.0 17 0 0.0 0
3-173 0 0.0 9 0 0.0 0
3-174 0 0.0 46 0 0.0 0
3-175 0 0.0 12 0 0.0 0
3-176 0 0.0 14 0 0.0 0
3-177 0 0.0 39 0 0.0 0
3-178 0 0.0 3 0 0.0 0
3-179 0 0.0 38 0 0.0 0
3-180 0 0.0 46 0 0.0 0
3-181 0 0.0 10 0 0.0 0
3-182 0 0.0 12 0 0.0 0
3-183 0 0.0 6 0 0.0 0
3-184 0 0.0 5 0 0.0 0
3-185 0 0.0 33 0 0.0 0
3-186 0 0.0 8 0 0.0 0
3-187 0 0.0 8 0 0.0 0
3-188 0 0.0 2 0 0.0 0
3-189 0 0.0 13 0 0.0 0
3-190 0 0.0 7 0 0.0 0
3-191 0 0.0 13 0 0.0 0
3-192 0 0.0 10 0 0.0 0
3-193 0 0.0 28 0 0.0 0
3-194 0 0.0 14 0 0.0 0
3-195 0 0.0 45 0 0.0 0
3-196 0 0.0 6 0 0.0 0
3-197 0 0.0 1 0 0.0 0
3-198 0 0.0 33 0 0.0 0
3-199 0 0.0 4 0 0.0 0
3-200 0 0.0 3 0 0.0 0
3-201 0 0.0 36 0 0.0 0
3-202 0 0.0 49 0 0.0 0
3-203 0 0.0 20 0 0.0 0
3-204 0 0.0 44 0 0.0 0
3-205 0 0.0 10 0 0.0 0
3-206 0 0.0 45 0 0.0 0
3-207 0 0.0 0 0 0.0 0
3-208 0 0.0 2 0 0.0 0
3-209 0 0.0 8 0 0.0 0
3-210 0 0.0 4 0 0.0 0
3-211 0 0.0 11 0 0.0 0
3-212 0 0.0 38 0 0.0 0
3-213 0 0.0 20 0 0.0 0
3-214 0 0.0 13 0 0.0 0
3-215 0 0.0 9 0 0.0 0
3-216 0 0.0 16 0 0.0 0
3-217 0 0.0 14 0 0.0 0
3-218 0 0.0 19 0 0.0 0
3-219 0 0.0 44 0 0.0 0
3-220 0 0.0 8 0 0.0 0
3-221 0 0.0 3 0 0.0 0
3-222 0 0.0 63 0 0.0 0
3-223 0 0.0 23 0 0.0 0
3-224 0 0.0 11 0 0.0 0
3-225 0 0.0 0 0 0.0 0
3-226 0 0.0 9 0 0.0 0
3-227 0 0.0 17 0 0.0 0
3-228 0 0.0 42 0 0.0 0
3-229 0 0.0 46 0 0.0 0
3-230 0 0.0 7 0 0.0 0
3-231 0 0.0 2 0 0.0 0
3-232 0 0.0 11 0 0.0 0
3-233 0 0.0 2 0 0.0 0
3-234 0 0.0 20 0 0.0 0
3-235 0 0.0 39 0 0.0 0
3-236 0 0.0 2 0 0.0 0
3-237 0 0.0 13 0 0.0 0
3-238 0 0.0 43 0 0.0 0
3-239 0 0.0 59 0 0.0 0
3-240 0 0.0 5 0 0.0 0
3-241 0 0.0 14 0 0.0 0
3-242 0 0.0 60 0 0.0 0
3-243 0 0.0 11 0 0.0 0
3-244 0 0.0 42 0 0.0 0
3-245 0 0.0 15 0 0.0 0
3-246 0 0.0 60 0 0.0 0
3-247 0 0.0 72 0 0.0 0
3-248 0 0.0 59 0 0.0 0
3-249 0 0.0 85 0 0.0 0
3-250 0 0.0 90 0 0.0 0
3-251 0 0.0 34 0 0.0 0
3-252 0 0.0 75 0 0.0 0
3-253 0 0.0 64 0 0.0 0
3-254 0 0.0 24 0 0.0 0
3-255 0 0.0 67 0 0.0 0
3-256 0 0.0 63 0 0.0 0
3-257 0 0.0 34 0 0.0 0
3-258 0 0.0 31 0 0.0 0
3-259 0 0.0 5 0 0.0 0
3-260 0 0.0 35 0 0.0 0
3-261 0 0.0 7 0 0.0 0
3-263 0 0.0 5 0 0.0 0
3-264 0 0.0 38 0 0.0 0
3-265 0 0.0 4 0 0.0 0
3-266 0 0.0 15 0 0.0 0
3-267 0 0.0 24 0 0.0 0
3-268 0 0.0 2 0 0.0 0
3-269 0 0.0 44 0 0.0 0
3-270 0 0.0 59 0 0.0 0
3-271 0 0.0 39 0 0.0 0
3-272 0 0.0 46 0 0.0 0
3-273 0 0.0 19 0 0.0 0
3-274 0 0.0 64 0 0.0 0
3-275 0 0.0 31 0 0.0 0
3-276 0 0.0 61 0 0.0 0
3-277 0 0.0 92 0 0.0 0
3-278 0 0.0 14 0 0.0 0
3-279 0 0.0 2 0 0.0 0
3-280 0 0.0 7 0 0.0 0
3-281 0 0.0 7 0 0.0 0
3-282 0 0.0 55 0 0.0 0
3-283 0 0.0 4 0 0.0 0
3-284 0 0.0 58 0 0.0 0
3-285 0 0.0 37 0 0.0 0
3-286 0 0.0 7 0 0.0 0
3-287 0 0.0 1 0 0.0 0
3-288 0 0.0 2 0 0.0 0
3-289 0 0.0 2 0 0.0 0
3-290 0 0.0 5 0 0.0 0
3-291 0 0.0 14 0 0.0 0
3-292 0 0.0 27 0 0.0 0
3-293 0 0.0 10 0 0.0 0
3-294 0 0.0 42 0 0.0 0
3-295 0 0.0 10 0 0.0 0
3-296 0 0.0 6 0 0.0 0
3-297 0 0.0 0 0 0.0 0
3-298 0 0.0 32 0 0.0 0
3-299 0 0.0 11 0 0.0 0
3-300 0 0.0 62 0 0.0 0
3-301 0 0.0 19 0 0.0 0
3-302 0 0.0 7 0 0.0 0
3-303 0 0.0 0 0 0.0 0
3-304 0 0.0 1 0 0.0 0
3-305 0 0.0 56 0 0.0 0
3-306 0 0.0 91 0 0.0 0
3-307 0 0.0 18 0 0.0 0
3-308 0 0.0 0 0 0.0 0
3-309 0 0.0 13 0 0.0 0
3-310 0 0.0 7 0 0.0 0
3-311 0 0.0 6 0 0.0 0
3-312 0 0.0 45 0 0.0 0
3-313 0 0.0 21 0 0.0 0
3-314 0 0.0 59 0 0.0 0
3-315 0 0.0 44 0 0.0 0
3-316 0 0.0 5 0 0.0 0
3-317 0 0.0 36 0 0.0 0
3-318 0 0.0 32 0 0.0 0
3-319 0 0.0 3 0 0.0 0
3-320 0 0.0 3 0 0.0 0
3-321 0 0.0 26 0 0.0 0
3-322 0 0.0 25 0 0.0 0
3-323 0 0.0 59 0 0.0 0
3-324 0 0.0 16 0 0.0 0
3-325 0 0.0 3 0 0.0 0
3-326 0 0.0 18 0 0.0 0
3-327 0 0.0 4 0 0.0 0
3-328 0 0.0 45 0 0.0 0
3-329 0 0.0 3 0 0.0 0
3-330 0 0.0 65 0 0.0 0
3-331 0 0.0 28 0 0.0 0
3-332 0 0.0 24 0 0.0 0
3-333 0 0.0 44 0 0.0 0
3-334 0 0.0 19 0 0.0 0
3-335 0 0.0 47 0 0.0 0
3-336 0 0.0 76 0 0.0 0
3-337 0 0.0 8 0 0.0 0
3-338 0 0.0 25 0 0.0 0
3-339 0 0.0 9 0 0.0 0
3-340 0 0.0 5 0 0.0 0
3-341 0 0.0 44 0 0.0 0
3-342 0 0.0 12 0 0.0 0
3-343 0 0.0 20 0 0.0 0
3-344 0 0.0 1 0 0.0 0
3-345 0 0.0 5 0 0.0 0
3-346 0 0.0 37 0 0.0 0
3-347 0 0.0 9 0 0.0 0
3-348 0 0.0 17 0 0.0 0
3-349 0 0.0 7 0 0.0 0
3-350 0 0.0 7 0 0.0 0
3-351 0 0.0 16 0 0.0 0
3-352 0 0.0 8 0 0.0 0
3-353 0 0.0 21 0 0.0 0
3-354 0 0.0 1 0 0.0 0
3-355 0 0.0 5 0 0.0 0
3-356 0 0.0 22 0 0.0 0
3-357 0 0.0 4 0 0.0 0
3-358 0 0.0 6 0 0.0 0
3-359 0 0.0 2 0 0.0 0
3-360 0 0.0 5 0 0.0 0
3-361 0 0.0 8 0 0.0 0
3-362 0 0.0 1 0 0.0 0
3-363 0 0.0 16 0 0.0 0
3-364 0 0.0 15 0 0.0 0
3-365 0 0.0 14 0 0.0 0
3-366 0 0.0 10 0 0.0 0
3-367 0 0.0 19 0 0.0 0
3-368 0 0.0 2 0 0.0 0
3-369 0 0.0 5 0 0.0 0
3-370 0 0.0 15 0 0.0 0
3-371 0 0.0 9 0 0.0 0
3-372 0 0.0 18 0 0.0 0
3-373 0 0.0 73 0 0.0 0
3-374 0 0.0 3 0 0.0 0
3-375 0 0.0 3 0 0.0 0
3-376 0 0.0 17 0 0.0 0
3-377 0 0.0 2 0 0.0 0
3-378 0 0.0 43 0 0.0 0
3-379 0 0.0 0 0 0.0 0
3-380 0 0.0 33 0 0.0 0
3-381 0 0.0 1 0 0.0 0
3-382 0 0.0 5 0 0.0 0
3-383 0 0.0 63 0 0.0 0
3-384 0 0.0 0 0 0.0 0
3-385 0 0.0 5 0 0.0 0
3-386 0 0.0 12 0 0.0 0
3-387 0 0.0 48 0 0.0 0
3-388 0 0.0 1 0 0.0 0
3-389 0 0.0 23 0 0.0 0
3-390 0 0.0 7 0 0.0 0
3-391 0 0.0 1 0 0.0 0
3-392 0 0.0 15 0 0.0 0
3-393 0 0.0 7 0 0.0 0
3-394 0 0.0 7 0 0.0 0
3-395 0 0.0 6 0 0.0 0
3-396 0 0.0 7 0 0.0 0
3-397 0 0.0 25 0 0.0 0
3-398 0 0.0 1 0 0.0 0
3-399 0 0.0 3 0 0.0 0
3-400 0 0.0 16 0 0.0 0
3-401 0 0.0 8 0 0.0 0
3-402 0 0.0 2 0 0.0 0
3-403 0 0.0 1 0 0.0 0
3-404 0 0.0 35 0 0.0 0
3-405 0 0.0 20 0 0.0 0
3-406 0 0.0 13 0 0.0 0
3-407 0 0.0 6 0 0.0 0
3-408 0 0.0 0 0 0.0 0
3-409 0 0.0 10 0 0.0 0
3-410 0 0.0 4 0 0.0 0
3-411 0 0.0 3 0 0.0 0
3-412 0 0.0 3 0 0.0 0
3-413 0 0.0 6 0 0.0 0
3-414 0 0.0 17 0 0.0 0
3-415 0 0.0 17 0 0.0 0
3-416 0 0.0 1 0 0.0 0
3-417 0 0.0 2 0 0.0 0
3-418 0 0.0 4 0 0.0 0
3-419 0 0.0 13 0 0.0 0
3-420 0 0.0 13 0 0.0 0
3-421 0 0.0 17 0 0.0 0
3-422 0 0.0 10 0 0.0 0
3-423 0 0.0 0 0 0.0 0
3-424 0 0.0 0 0 0.0 0
3-425 0 0.0 25 0 0.0 0
3-426 0 0.0 1 0 0.0 0
3-427 0 0.0 12 0 0.0 0
3-428 0 0.0 18 0 0.0 0
3-429 0 0.0 3 0 0.0 0
3-430 0 0.0 4 0 0.0 0
3-431 0 0.0 0 0 0.0 0
3-432 0 0.0 13 0 0.0 0
3-433 0 0.0 1 0 0.0 0
3-434 0 0.0 24 0 0.0 0
3-435 0 0.0 0 0 0.0 0
3-436 0 0.0 6 0 0.0 0
3-437 0 0.0 1 0 0.0 0
3-438 0 0.0 0 0 0.0 0
4-1 0 0.0 43 0 0.0 0
4-3 0 0.0 43 0 0.0 0
4-28 0 0.0 344 0 0.0 0
4-35 0 0.0 172 0 0.0 0
4-76 0 0.0 0 0 0.0 0
4-89 0 0.0 86 0 0.0 0
4-97 0 0.0 86 0 0.0 0
4-122 0 0.0 344 0 0.0 0
4-129 0 0.0 258 0 0.0 0
4-147 0 0.0 258 0 0.0 0
4-156 0 0.0 387 0 0.0 0
4-161 0 0.0 43 0 0.0 0
4-171 0 0.0 172 0 0.0 0
4-175 0 0.0 516 0 0.0 0
4-184 0 0.0 215 0 0.0 0
4-187 0 0.0 344 0 0.0 0
4-188 0 0.0 86 0 0.0 0
4-197 0 0.0 43 0 0.0 0
4-207 0 0.0 0 0 0.0 0
4-208 0 0.0 86 0 0.0 0
4-209 0 0.0 344 0 0.0 0
4-210 0 0.0 172 0 0.0 0
4-215 0 0.0 387 0 0.0 0
4-218 0 0.0 817 0 0.0 0
4-221 0 0.0 129 0 0.0 0
4-225 0 0.0 0 0 0.0 0
4-230 0 0.0 301 0 0.0 0
4-231 0 0.0 86 0 0.0 0
4-233 0 0.0 86 0 0.0 0
4-236 0 0.0 86 0 0.0 0
4-262 0 0.0 43 0 0.0 0
4-268 0 0.0 86 0 0.0 0
4-287 0 0.0 43 0 0.0 0
4-288 0 0.0 86 0 0.0 0
4-297 0 0.0 0 0 0.0 0
4-303 0 0.0 0 0 0.0 0
4-304 0 0.0 43 0 0.0 0
4-308 0 0.0 0 0 0.0 0
4-310 0 0.0 301 0 0.0 0
4-316 0 0.0 215 0 0.0 0
4-329 0 0.0 129 0 0.0 0
4-339 0 0.0 387 0 0.0 0
4-340 0 0.0 215 0 0.0 0
4-342 0 0.0 516 0 0.0 0
4-344 0 0.0 43 0 0.0 0
4-350 0 0.0 301 0 0.0 0
4-354 0 0.0 43 0 0.0 0
4-362 0 0.0 43 0 0.0 0
4-368 0 0.0 86 0 0.0 0
4-369 0 0.0 215 0 0.0 0
4-374 0 0.0 129 0 0.0 0
4-375 0 0.0 129 0 0.0 0
4-379 0 0.0 0 0 0.0 0
4-381 0 0.0 43 0 0.0 0
4-384 0 0.0 0 0 0.0 0
4-388 0 0.0 43 0 0.0 0
4-391 0 0.0 43 0 0.0 0
4-394 0 0.0 301 0 0.0 0
4-398 0 0.0 43 0 0.0 0
4-399 0 0.0 129 0 0.0 0
4-402 0 0.0 86 0 0.0 0
4-403 0 0.0 43 0 0.0 0
4-408 0 0.0 0 0 0.0 0
4-410 0 0.0 172 0 0.0 0
4-416 0 0.0 43 0 0.0 0
4-417 0 0.0 86 0 0.0 0
4-423 0 0.0 0 0 0.0 0
4-424 0 0.0 0 0 0.0 0
4-426 0 0.0 43 0 0.0 0
4-429 0 0.0 129 0 0.0 0
4-431 0 0.0 0 0 0.0 0
4-433 0 0.0 43 0 0.0 0
4-435 0 0.0 0 0 0.0 0
4-437 0 0.0 43 0 0.0 0
4-438 0 0.0 0 0 0.0 0
5-1 0 0.0 7 0 0.0 0
5-3 0 0.0 7 0 0.0 0
5-11 0 0.0 301 0 0.0 0
5-24 0 0.0 336 0 0.0 0
5-25 0 0.0 231 0 0.0 0
5-28 0 0.0 56 0 0.0 0
5-29 0 0.0 42 0 0.0 0
5-32 0 0.0 112 0 0.0 0
5-35 0 0.0 28 0 0.0 0
5-36 0 0.0 161 0 0.0 0
5-37 0 0.0 399 0 0.0 0
5-41 0 0.0 245 0 0.0 0
5-44 0 0.0 98 0 0.0 0
5-46 0 0.0 70 0 0.0 0
5-62 0 0.0 77 0 0.0 0
5-66 0 0.0 70 0 0.0 0
5-71 0 0.0 42 0 0.0 0
5-74 0 0.0 77 0 0.0 0
5-76 0 0.0 0 0 0.0 0
5-78 0 0.0 161 0 0.0 0
5-88 0 0.0 399 0 0.0 0
5-89 0 0.0 14 0 0.0 0
5-92 0 0.0 231 0 0.0 0
5-93 0 0.0 126 0 0.0 0
5-97 0 0.0 14 0 0.0 0
5-99 0 0.0 140 0 0.0 0
5-105 0 0.0 84 0 0.0 0
5-106 0 0.0 63 0 0.0 0
5-120 0 0.0 35 0 0.0 0
5-121 0 0.0 112 0 0.0 0
5-124 0 0.0 98 0 0.0 0
5-125 0 0.0 28 0 0.0 0
5-129 0 0.0 42 0 0.0 0
5-139 0 0.0 133 0 0.0 0
5-141 0 0.0 329 0 0.0 0
5-143 0 0.0 7 0 0.0 0
5-150 0 0.0 70 0 0.0 0
5-154 0 0.0 91 0 0.0 0
5-161 0 0.0 7 0 0.0 0
5-167 0 0.0 35 0 0.0 0
5-171 0 0.0 28 0 0.0 0
5-178 0 0.0 21 0 0.0 0
5-179 0 0.0 266 0 0.0 0
5-185 0 0.0 231 0 0.0 0
5-187 0 0.0 56 0 0.0 0
5-188 0 0.0 14 0 0.0 0
5-193 0 0.0 196 0 0.0 0
5-197 0 0.0 7 0 0.0 0
5-207 0 0.0 0 0 0.0 0
5-208 0 0.0 14 0 0.0 0
5-210 0 0.0 28 0 0.0 0
5-211 0 0.0 77 0 0.0 0
5-212 0 0.0 266 0 0.0 0
5-213 0 0.0 140 0 0.0 0
5-214 0 0.0 91 0 0.0 0
5-221 0 0.0 21 0 0.0 0
5-225 0 0.0 0 0 0.0 0
5-227 0 0.0 119 0 0.0 0
5-229 0 0.0 322 0 0.0 0
5-231 0 0.0 14 0 0.0 0
5-233 0 0.0 14 0 0.0 0
5-236 0 0.0 14 0 0.0 0
5-237 0 0.0 91 0 0.0 0
5-241 0 0.0 98 0 0.0 0
5-257 0 0.0 238 0 0.0 0
5-258 0 0.0 217 0 0.0 0
5-262 0 0.0 7 0 0.0 0
5-267 0 0.0 168 0 0.0 0
5-268 0 0.0 14 0 0.0 0
5-271 0 0.0 273 0 0.0 0
5-279 0 0.0 14 0 0.0 0
5-280 0 0.0 49 0 0.0 0
5-283 0 0.0 28 0 0.0 0
5-287 0 0.0 7 0 0.0 0
5-288 0 0.0 14 0 0.0 0
5-290 0 0.0 35 0 0.0 0
5-294 0 0.0 294 0 0.0 0
5-297 0 0.0 0 0 0.0 0
5-303 0 0.0 0 0 0.0 0
5-304 0 0.0 7 0 0.0 0
5-308 0 0.0 0 0 0.0 0
5-310 0 0.0 49 0 0.0 0
5-315 0 0.0 308 0 0.0 0
5-325 0 0.0 21 0 0.0 0
5-337 0 0.0 56 0 0.0 0
5-340 0 0.0 35 0 0.0 0
5-342 0 0.0 84 0 0.0 0
5-344 0 0.0 7 0 0.0 0
5-350 0 0.0 49 0 0.0 0
5-352 0 0.0 56 0 0.0 0
5-354 0 0.0 7 0 0.0 0
5-358 0 0.0 42 0 0.0 0
5-359 0 0.0 14 0 0.0 0
5-360 0 0.0 35 0 0.0 0
5-361 0 0.0 56 0 0.0 0
5-362 0 0.0 7 0 0.0 0
5-365 0 0.0 98 0 0.0 0
5-368 0 0.0 14 0 0.0 0
5-371 0 0.0 63 0 0.0 0
5-374 0 0.0 21 0 0.0 0
5-379 0 0.0 0 0 0.0 0
5-384 0 0.0 0 0 0.0 0
5-386 0 0.0 84 0 0.0 0
5-388 0 0.0 7 0 0.0 0
5-391 0 0.0 7 0 0.0 0
5-394 0 0.0 49 0 0.0 0
5-395 0 0.0 42 0 0.0 0
5-396 0 0.0 49 0 0.0 0
5-398 0 0.0 7 0 0.0 0
5-399 0 0.0 21 0 0.0 0
5-402 0 0.0 14 0 0.0 0
5-403 0 0.0 7 0 0.0 0
5-407 0 0.0 42 0 0.0 0
5-408 0 0.0 0 0 0.0 0
5-411 0 0.0 21 0 0.0 0
5-412 0 0.0 21 0 0.0 0
5-416 0 0.0 7 0 0.0 0
5-423 0 0.0 0 0 0.0 0
5-424 0 0.0 0 0 0.0 0
5-425 0 0.0 175 0 0.0 0
5-426 0 0.0 7 0 0.0 0
5-430 0 0.0 28 0 0.0 0
5-431 0 0.0 0 0 0.0 0
5-433 0 0.0 7 0 0.0 0
5-435 0 0.0 0 0 0.0 0
5-436 0 0.0 42 0 0.0 0
5-437 0 0.0 7 0 0.0 0
5-438 0 0.0 0 0 0.0 0
6-1 0 0.0 40 0 0.0 0
6-2 0 0.0 520 0 0.0 0
6-3 0 0.0 40 0 0.0 0
6-18 0 0.0 160 0 0.0 0
6-20 0 0.0 120 0 0.0 0
6-28 0 0.0 320 0 0.0 0
6-35 0 0.0 160 0 0.0 0
6-40 0 0.0 520 0 0.0 0
6-42 0 0.0 360 0 0.0 0
6-50 0 0.0 240 0 0.0 0
6-52 0 0.0 560 0 0.0 0
6-59 0 0.0 120 0 0.0 0
6-62 0 0.0 440 0 0.0 0
6-66 0 0.0 400 0 0.0 0
6-68 0 0.0 360 0 0.0 0
6-72 0 0.0 480 0 0.0 0
6-74 0 0.0 440 0 0.0 0
6-76 0 0.0 0 0 0.0 0
6-85 0 0.0 400 0 0.0 0
6-89 0 0.0 80 0 0.0 0
6-97 0 0.0 80 0 0.0 0
6-109 0 0.0 640 0 0.0 0
6-116 0 0.0 280 0 0.0 0
6-122 0 0.0 320 0 0.0 0
6-123 0 0.0 1280 0 0.0 0
6-125 0 0.0 160 0 0.0 0
6-129 0 0.0 240 0 0.0 0
6-135 0 0.0 280 0 0.0 0
6-142 0 0.0 640 0 0.0 0
6-147 0 0.0 240 0 0.0 0
6-149 0 0.0 800 0 0.0 0
6-156 0 0.0 360 0 0.0 0
6-160 0 0.0 320 0 0.0 0
6-161 0 0.0 40 0 0.0 0
6-167 0 0.0 200 0 0.0 0
6-168 0 0.0 760 0 0.0 0
6-171 0 0.0 160 0 0.0 0
6-173 0 0.0 360 0 0.0 0
6-175 0 0.0 480 0 0.0 0
6-184 0 0.0 200 0 0.0 0
6-187 0 0.0 320 0 0.0 0
6-188 0 0.0 80 0 0.0 0
6-190 0 0.0 280 0 0.0 0
6-191 0 0.0 520 0 0.0 0
6-197 0 0.0 40 0 0.0 0
6-200 0 0.0 120 0 0.0 0
6-203 0 0.0 800 0 0.0 0
6-205 0 0.0 400 0 0.0 0
6-207 0 0.0 0 0 0.0 0
6-208 0 0.0 80 0 0.0 0
6-209 0 0.0 320 0 0.0 0
6-210 0 0.0 160 0 0.0 0
6-215 0 0.0 360 0 0.0 0
6-217 0 0.0 560 0 0.0 0
6-218 0 0.0 760 0 0.0 0
6-220 0 0.0 320 0 0.0 0
6-221 0 0.0 120 0 0.0 0
6-225 0 0.0 0 0 0.0 0
6-226 0 0.0 360 0 0.0 0
6-230 0 0.0 280 0 0.0 0
6-231 0 0.0 80 0 0.0 0
6-232 0 0.0 440 0 0.0 0
6-233 0 0.0 80 0 0.0 0
6-236 0 0.0 80 0 0.0 0
6-240 0 0.0 200 0 0.0 0
6-262 0 0.0 40 0 0.0 0
6-265 0 0.0 160 0 0.0 0
6-266 0 0.0 600 0 0.0 0
6-268 0 0.0 80 0 0.0 0
6-273 0 0.0 760 0 0.0 0
6-278 0 0.0 560 0 0.0 0
6-279 0 0.0 80 0 0.0 0
6-280 0 0.0 280 0 0.0 0
6-286 0 0.0 280 0 0.0 0
6-287 0 0.0 40 0 0.0 0
6-288 0 0.0 80 0 0.0 0
6-292 0 0.0 1080 0 0.0 0
6-295 0 0.0 400 0 0.0 0
6-296 0 0.0 240 0 0.0 0
6-297 0 0.0 0 0 0.0 0
6-302 0 0.0 280 0 0.0 0
6-303 0 0.0 0 0 0.0 0
6-304 0 0.0 40 0 0.0 0
6-308 0 0.0 0 0 0.0 0
6-310 0 0.0 280 0 0.0 0
6-311 0 0.0 240 0 0.0 0
6-316 0 0.0 200 0 0.0 0
6-319 0 0.0 120 0 0.0 0
6-320 0 0.0 120 0 0.0 0
6-321 0 0.0 1040 0 0.0 0
6-325 0 0.0 120 0 0.0 0
6-329 0 0.0 120 0 0.0 0
6-332 0 0.0 960 0 0.0 0
6-337 0 0.0 320 0 0.0 0
6-339 0 0.0 360 0 0.0 0
6-340 0 0.0 200 0 0.0 0
6-342 0 0.0 480 0 0.0 0
6-344 0 0.0 40 0 0.0 0
6-348 0 0.0 680 0 0.0 0
6-350 0 0.0 280 0 0.0 0
6-352 0 0.0 320 0 0.0 0
6-354 0 0.0 40 0 0.0 0
6-356 0 0.0 880 0 0.0 0
6-362 0 0.0 40 0 0.0 0
6-364 0 0.0 600 0 0.0 0
6-365 0 0.0 560 0 0.0 0
6-366 0 0.0 400 0 0.0 0
6-367 0 0.0 760 0 0.0 0
6-368 0 0.0 80 0 0.0 0
6-369 0 0.0 200 0 0.0 0
6-370 0 0.0 600 0 0.0 0
6-372 0 0.0 720 0 0.0 0
6-374 0 0.0 120 0 0.0 0
6-375 0 0.0 120 0 0.0 0
6-377 0 0.0 80 0 0.0 0
6-379 0 0.0 0 0 0.0 0
6-380 0 0.0 1320 0 0.0 0
6-381 0 0.0 40 0 0.0 0
6-382 0 0.0 200 0 0.0 0
6-384 0 0.0 0 0 0.0 0
6-385 0 0.0 200 0 0.0 0
6-386 0 0.0 480 0 0.0 0
6-388 0 0.0 40 0 0.0 0
6-389 0 0.0 920 0 0.0 0
6-391 0 0.0 40 0 0.0 0
6-393 0 0.0 280 0 0.0 0
6-394 0 0.0 280 0 0.0 0
6-398 0 0.0 40 0 0.0 0
6-399 0 0.0 120 0 0.0 0
6-400 0 0.0 640 0 0.0 0
6-402 0 0.0 80 0 0.0 0
6-403 0 0.0 40 0 0.0 0
6-406 0 0.0 520 0 0.0 0
6-408 0 0.0 0 0 0.0 0
6-409 0 0.0 400 0 0.0 0
6-410 0 0.0 160 0 0.0 0
6-411 0 0.0 120 0 0.0 0
6-412 0 0.0 120 0 0.0 0
6-413 0 0.0 240 0 0.0 0
6-415 0 0.0 680 0 0.0 0
6-416 0 0.0 40 0 0.0 0
6-417 0 0.0 80 0 0.0 0
6-418 0 0.0 160 0 0.0 0
6-419 0 0.0 520 0 0.0 0
6-421 0 0.0 680 0 0.0 0
6-422 0 0.0 400 0 0.0 0
6-423 0 0.0 0 0 0.0 0
6-424 0 0.0 0 0 0.0 0
6-426 0 0.0 40 0 0.0 0
6-429 0 0.0 120 0 0.0 0
6-430 0 0.0 160 0 0.0 0
6-431 0 0.0 0 0 0.0 0
6-433 0 0.0 40 0 0.0 0
6-435 0 0.0 0 0 0.0 0
6-437 0 0.0 40 0 0.0 0
6-438 0 0.0 0 0 0.0 0
7-1 0 0.0 54 0 0.0 0
7-3 0 0.0 54 0 0.0 0
7-28 0 0.0 432 0 0.0 0
7-35 0 0.0 216 0 0.0 0
7-76 0 0.0 0 0 0.0 0
7-89 0 0.0 108 0 0.0 0
7-97 0 0.0 108 0 0.0 0
7-171 0 0.0 216 0 0.0 0
7-188 0 0.0 108 0 0.0 0
7-197 0 0.0 54 0 0.0 0
7-207 0 0.0 0 0 0.0 0
7-208 0 0.0 108 0 0.0 0
7-221 0 0.0 162 0 0.0 0
7-225 0 0.0 0 0 0.0 0
7-231 0 0.0 108 0 0.0 0
7-233 0 0.0 108 0 0.0 0
7-236 0 0.0 108 0 0.0 0
7-262 0 0.0 54 0 0.0 0
7-287 0 0.0 54 0 0.0 0
7-288 0 0.0 108 0 0.0 0
7-290 0 0.0 270 0 0.0 0
7-297 0 0.0 0 0 0.0 0
7-303 0 0.0 0 0 0.0 0
7-304 0 0.0 54 0 0.0 0
7-308 0 0.0 0 0 0.0 0
7-310 0 0.0 378 0 0.0 0
7-325 0 0.0 162 0 0.0 0
7-340 0 0.0 270 0 0.0 0
7-342 0 0.0 648 0 0.0 0
7-344 0 0.0 54 0 0.0 0
7-354 0 0.0 54 0 0.0 0
7-358 0 0.0 324 0 0.0 0
7-379 0 0.0 0 0 0.0 0
7-384 0 0.0 0 0 0.0 0
7-388 0 0.0 54 0 0.0 0
7-391 0 0.0 54 0 0.0 0
7-398 0 0.0 54 0 0.0 0
7-399 0 0.0 162 0 0.0 0
7-403 0 0.0 54 0 0.0 0
7-408 0 0.0 0 0 0.0 0
7-416 0 0.0 54 0 0.0 0
7-423 0 0.0 0 0 0.0 0
7-424 0 0.0 0 0 0.0 0
7-426 0 0.0 54 0 0.0 0
7-431 0 0.0 0 0 0.0 0
7-433 0 0.0 54 0 0.0 0
7-435 0 0.0 0 0 0.0 0
7-437 0 0.0 54 0 0.0 0
7-438 0 0.0 0 0 0.0 0
8-1 0 0.0 67 0 0.0 0
8-3 0 0.0 67 0 0.0 0
8-28 0 0.0 536 0 0.0 0
8-35 0 0.0 268 0 0.0 0
8-59 0 0.0 201 0 0.0 0
8-76 0 0.0 0 0 0.0 0
8-85 0 0.0 670 0 0.0 0
8-89 0 0.0 134 0 0.0 0
8-97 0 0.0 134 0 0.0 0
8-122 0 0.0 536 0 0.0 0
8-129 0 0.0 402 0 0.0 0
8-147 0 0.0 402 0 0.0 0
8-156 0 0.0 603 0 0.0 0
8-161 0 0.0 67 0 0.0 0
8-171 0 0.0 268 0 0.0 0
8-175 0 0.0 804 0 0.0 0
8-184 0 0.0 335 0 0.0 0
8-187 0 0.0 536 0 0.0 0
8-188 0 0.0 134 0 0.0 0
8-197 0 0.0 67 0 0.0 0
8-205 0 0.0 670 0 0.0 0
8-207 0 0.0 0 0 0.0 0
8-208 0 0.0 134 0 0.0 0
8-209 0 0.0 536 0 0.0 0
8-210 0 0.0 268 0 0.0 0
8-215 0 0.0 603 0 0.0 0
8-217 0 0.0 938 0 0.0 0
8-218 0 0.0 1273 0 0.0 0
8-221 0 0.0 201 0 0.0 0
8-225 0 0.0 0 0 0.0 0
8-230 0 0.0 469 0 0.0 0
8-231 0 0.0 134 0 0.0 0
8-233 0 0.0 134 0 0.0 0
8-236 0 0.0 134 0 0.0 0
8-262 0 0.0 67 0 0.0 0
8-278 0 0.0 938 0 0.0 0
8-287 0 0.0 67 0 0.0 0
8-288 0 0.0 134 0 0.0 0
8-290 0 0.0 335 0 0.0 0
8-295 0 0.0 670 0 0.0 0
8-297 0 0.0 0 0 0.0 0
8-303 0 0.0 0 0 0.0 0
8-304 0 0.0 67 0 0.0 0
8-307 0 0.0 1206 0 0.0 0
8-308 0 0.0 0 0 0.0 0
8-310 0 0.0 469 0 0.0 0
8-316 0 0.0 335 0 0.0 0
8-319 0 0.0 201 0 0.0 0
8-325 0 0.0 201 0 0.0 0
8-329 0 0.0 201 0 0.0 0
8-339 0 0.0 603 0 0.0 0
8-340 0 0.0 335 0 0.0 0
8-342 0 0.0 804 0 0.0 0
8-344 0 0.0 67 0 0.0 0
8-350 0 0.0 469 0 0.0 0
8-354 0 0.0 67 0 0.0 0
8-358 0 0.0 402 0 0.0 0
8-359 0 0.0 134 0 0.0 0
8-362 0 0.0 67 0 0.0 0
8-368 0 0.0 134 0 0.0 0
8-369 0 0.0 335 0 0.0 0
8-374 0 0.0 201 0 0.0 0
8-375 0 0.0 201 0 0.0 0
8-377 0 0.0 134 0 0.0 0
8-379 0 0.0 0 0 0.0 0
8-381 0 0.0 67 0 0.0 0
8-384 0 0.0 0 0 0.0 0
8-388 0 0.0 67 0 0.0 0
8-391 0 0.0 67 0 0.0 0
8-394 0 0.0 469 0 0.0 0
8-398 0 0.0 67 0 0.0 0
8-399 0 0.0 201 0 0.0 0
8-402 0 0.0 134 0 0.0 0
8-403 0 0.0 67 0 0.0 0
8-408 0 0.0 0 0 0.0 0
8-410 0 0.0 268 0 0.0 0
8-415 0 0.0 1139 0 0.0 0
8-416 0 0.0 67 0 0.0 0
8-417 0 0.0 134 0 0.0 0
8-423 0 0.0 0 0 0.0 0
8-424 0 0.0 0 0 0.0 0
8-426 0 0.0 67 0 0.0 0
8-429 0 0.0 201 0 0.0 0
8-431 0 0.0 0 0 0.0 0
8-433 0 0.0 67 0 0.0 0
8-435 0 0.0 0 0 0.0 0
8-437 0 0.0 67 0 0.0 0
8-438 0 0.0 0 0 0.0 0
9-1 0 0.0 35 0 0.0 0
9-3 0 0.0 35 0 0.0 0
9-18 0 0.0 140 0 0.0 0
9-20 0 0.0 105 0 0.0 0
9-28 0 0.0 280 0 0.0 0
9-35 0 0.0 140 0 0.0 0
9-40 0 0.0 455 0 0.0 0
9-59 0 0.0 105 0 0.0 0
9-68 0 0.0 315 0 0.0 0
9-76 0 0.0 0 0 0.0 0
9-85 0 0.0 350 0 0.0 0
9-89 0 0.0 70 0 0.0 0
9-97 0 0.0 70 0 0.0 0
9-122 0 0.0 280 0 0.0 0
9-129 0 0.0 210 0 0.0 0
9-135 0 0.0 245 0 0.0 0
9-147 0 0.0 210 0 0.0 0
9-156 0 0.0 315 0 0.0 0
9-161 0 0.0 35 0 0.0 0
9-171 0 0.0 140 0 0.0 0
9-175 0 0.0 420 0 0.0 0
9-184 0 0.0 175 0 0.0 0
9-187 0 0.0 280 0 0.0 0
9-188 0 0.0 70 0 0.0 0
9-190 0 0.0 245 0 0.0 0
9-197 0 0.0 35 0 0.0 0
9-200 0 0.0 105 0 0.0 0
9-205 0 0.0 350 0 0.0 0
9-207 0 0.0 0 0 0.0 0
9-208 0 0.0 70 0 0.0 0
9-209 0 0.0 280 0 0.0 0
9-210 0 0.0 140 0 0.0 0
9-215 0 0.0 315 0 0.0 0
9-217 0 0.0 490 0 0.0 0
9-218 0 0.0 665 0 0.0 0
9-221 0 0.0 105 0 0.0 0
9-225 0 0.0 0 0 0.0 0
9-226 0 0.0 315 0 0.0 0
9-230 0 0.0 245 0 0.0 0
9-231 0 0.0 70 0 0.0 0
9-233 0 0.0 70 0 0.0 0
9-236 0 0.0 70 0 0.0 0
9-262 0 0.0 35 0 0.0 0
9-268 0 0.0 70 0 0.0 0
9-278 0 0.0 490 0 0.0 0
9-280 0 0.0 245 0 0.0 0
9-287 0 0.0 35 0 0.0 0
9-288 0 0.0 70 0 0.0 0
9-290 0 0.0 175 0 0.0 0
9-295 0 0.0 350 0 0.0 0
9-297 0 0.0 0 0 0.0 0
9-303 0 0.0 0 0 0.0 0
9-304 0 0.0 35 0 0.0 0
9-308 0 0.0 0 0 0.0 0
9-310 0 0.0 245 0 0.0 0
9-316 0 0.0 175 0 0.0 0
9-319 0 0.0 105 0 0.0 0
9-325 0 0.0 105 0 0.0 0
9-329 0 0.0 105 0 0.0 0
9-337 0 0.0 280 0 0.0 0
9-339 0 0.0 315 0 0.0 0
9-340 0 0.0 175 0 0.0 0
9-342 0 0.0 420 0 0.0 0
9-344 0 0.0 35 0 0.0 0
9-350 0 0.0 245 0 0.0 0
9-352 0 0.0 280 0 0.0 0
9-354 0 0.0 35 0 0.0 0
9-358 0 0.0 210 0 0.0 0
9-362 0 0.0 35 0 0.0 0
9-368 0 0.0 70 0 0.0 0
9-369 0 0.0 175 0 0.0 0
9-374 0 0.0 105 0 0.0 0
9-375 0 0.0 105 0 0.0 0
9-377 0 0.0 70 0 0.0 0
9-379 0 0.0 0 0 0.0 0
9-381 0 0.0 35 0 0.0 0
9-384 0 0.0 0 0 0.0 0
9-388 0 0.0 35 0 0.0 0
9-391 0 0.0 35 0 0.0 0
9-394 0 0.0 245 0 0.0 0
9-398 0 0.0 35 0 0.0 0
9-399 0 0.0 105 0 0.0 0
9-402 0 0.0 70 0 0.0 0
9-403 0 0.0 35 0 0.0 0
9-408 0 0.0 0 0 0.0 0
9-410 0 0.0 140 0 0.0 0
9-411 0 0.0 105 0 0.0 0
9-415 0 0.0 595 0 0.0 0
9-416 0 0.0 35 0 0.0 0
9-417 0 0.0 70 0 0.0 0
9-423 0 0.0 0 0 0.0 0
9-424 0 0.0 0 0 0.0 0
9-426 0 0.0 35 0 0.0 0
9-429 0 0.0 105 0 0.0 0
9-430 0 0.0 140 0 0.0 0
9-431 0 0.0 0 0 0.0 0
9-433 0 0.0 35 0 0.0 0
9-435 0 0.0 0 0 0.0 0
9-437 0 0.0 35 0 0.0 0
9-438 0 0.0 0 0 0.0 0
10-1 0 0.0 47 0 0.0 0
10-3 0 0.0 47 0 0.0 0
10-28 0 0.0 376 0 0.0 0
10-35 0 0.0 188 0 0.0 0
10-59 0 0.0 141 0 0.0 0
10-76 0 0.0 0 0 0.0 0
10-85 0 0.0 470 0 0.0 0
10-89 0 0.0 94 0 0.0 0
10-97 0 0.0 94 0 0.0 0
10-122 0 0.0 376 0 0.0 0
10-129 0 0.0 282 0 0.0 0
10-147 0 0.0 282 0 0.0 0
10-156 0 0.0 423 0 0.0 0
10-161 0 0.0 47 0 0.0 0
10-171 0 0.0 188 0 0.0 0
10-175 0 0.0 564 0 0.0 0
10-184 0 0.0 235 0 0.0 0
10-187 0 0.0 376 0 0.0 0
10-188 0 0.0 94 0 0.0 0
10-197 0 0.0 47 0 0.0 0
10-205 0 0.0 470 0 0.0 0
10-207 0 0.0 0 0 0.0 0
10-208 0 0.0 94 0 0.0 0
10-209 0 0.0 376 0 0.0 0
10-210 0 0.0 188 0 0.0 0
10-215 0 0.0 423 0 0.0 0
10-217 0 0.0 658 0 0.0 0
10-221 0 0.0 141 0 0.0 0
10-225 0 0.0 0 0 0.0 0
10-230 0 0.0 329 0 0.0 0
10-231 0 0.0 94 0 0.0 0
10-233 0 0.0 94 0 0.0 0
10-236 0 0.0 94 0 0.0 0
10-262 0 0.0 47 0 0.0 0
10-278 0 0.0 658 0 0.0 0
10-287 0 0.0 47 0 0.0 0
10-288 0 0.0 94 0 0.0 0
10-290 0 0.0 235 0 0.0 0
10-295 0 0.0 470 0 0.0 0
10-297 0 0.0 0 0 0.0 0
10-303 0 0.0 0 0 0.0 0
10-304 0 0.0 47 0 0.0 0
10-308 0 0.0 0 0 0.0 0
10-310 0 0.0 329 0 0.0 0
10-316 0 0.0 235 0 0.0 0
10-319 0 0.0 141 0 0.0 0
10-325 0 0.0 141 0 0.0 0
10-329 0 0.0 141 0 0.0 0
10-340 0 0.0 235 0 0.0 0
10-342 0 0.0 564 0 0.0 0
10-344 0 0.0 47 0 0.0 0
10-350 0 0.0 329 0 0.0 0
10-354 0 0.0 47 0 0.0 0
10-358 0 0.0 282 0 0.0 0
10-359 0 0.0 94 0 0.0 0
10-362 0 0.0 47 0 0.0 0
10-368 0 0.0 94 0 0.0 0
10-369 0 0.0 235 0 0.0 0
10-374 0 0.0 141 0 0.0 0
10-375 0 0.0 141 0 0.0 0
10-377 0 0.0 94 0 0.0 0
10-379 0 0.0 0 0 0.0 0
10-381 0 0.0 47 0 0.0 0
10-384 0 0.0 0 0 0.0 0
10-388 0 0.0 47 0 0.0 0
10-391 0 0.0 47 0 0.0 0
10-394 0 0.0 329 0 0.0 0
10-398 0 0.0 47 0 0.0 0
10-399 0 0.0 141 0 0.0 0
10-403 0 0.0 47 0 0.0 0
10-408 0 0.0 0 0 0.0 0
10-410 0 0.0 188 0 0.0 0
10-415 0 0.0 799 0 0.0 0
10-416 0 0.0 47 0 0.0 0
10-417 0 0.0 94 0 0.0 0
10-423 0 0.0 0 0 0.0 0
10-424 0 0.0 0 0 0.0 0
10-426 0 0.0 47 0 0.0 0
10-429 0 0.0 141 0 0.0 0
10-431 0 0.0 0 0 0.0 0
10-433 0 0.0 47 0 0.0 0
10-435 0 0.0 0 0 0.0 0
10-437 0 0.0 47 0 0.0 0
10-438 0 0.0 0 0 0.0 0
11-1 0 0.0 43 0 0.0 0
11-3 0 0.0 43 0 0.0 0
11-5 0 0.0 301 0 0.0 0
11-18 0 0.0 172 0 0.0 0
11-20 0 0.0 129 0 0.0 0
11-28 0 0.0 344 0 0.0 0
11-35 0 0.0 172 0 0.0 0
11-40 0 0.0 559 0 0.0 0
11-59 0 0.0 129 0 0.0 0
11-68 0 0.0 387 0 0.0 0
11-76 0 0.0 0 0 0.0 0
11-85 0 0.0 430 0 0.0 0
11-89 0 0.0 86 0 0.0 0
11-97 0 0.0 86 0 0.0 0
11-122 0 0.0 344 0 0.0 0
11-129 0 0.0 258 0 0.0 0
11-135 0 0.0 301 0 0.0 0
11-147 0 0.0 258 0 0.0 0
11-156 0 0.0 387 0 0.0 0
11-161 0 0.0 43 0 0.0 0
11-171 0 0.0 172 0 0.0 0
11-175 0 0.0 516 0 0.0 0
11-184 0 0.0 215 0 0.0 0
11-187 0 0.0 344 0 0.0 0
11-188 0 0.0 86 0 0.0 0
11-190 0 0.0 301 0 0.0 0
11-197 0 0.0 43 0 0.0 0
11-200 0 0.0 129 0 0.0 0
11-205 0 0.0 430 0 0.0 0
11-207 0 0.0 0 0 0.0 0
11-208 0 0.0 86 0 0.0 0
11-209 0 0.0 344 0 0.0 0
11-210 0 0.0 172 0 0.0 0
11-215 0 0.0 387 0 0.0 0
11-217 0 0.0 602 0 0.0 0
11-218 0 0.0 817 0 0.0 0
11-221 0 0.0 129 0 0.0 0
11-225 0 0.0 0 0 0.0 0
11-226 0 0.0 387 0 0.0 0
11-230 0 0.0 301 0 0.0 0
11-231 0 0.0 86 0 0.0 0
11-233 0 0.0 86 0 0.0 0
11-236 0 0.0 86 0 0.0 0
11-262 0 0.0 43 0 0.0 0
11-278 0 0.0 602 0 0.0 0
11-280 0 0.0 301 0 0.0 0
11-287 0 0.0 43 0 0.0 0
11-288 0 0.0 86 0 0.0 0
11-290 0 0.0 215 0 0.0 0
11-295 0 0.0 430 0 0.0 0
11-297 0 0.0 0 0 0.0 0
11-303 0 0.0 0 0 0.0 0
11-304 0 0.0 43 0 0.0 0
11-307 0 0.0 774 0 0.0 0
11-308 0 0.0 0 0 0.0 0
11-309 0 0.0 559 0 0.0 0
11-310 0 0.0 301 0 0.0 0
11-316 0 0.0 215 0 0.0 0
11-319 0 0.0 129 0 0.0 0
11-325 0 0.0 129 0 0.0 0
11-327 0 0.0 172 0 0.0 0
11-329 0 0.0 129 0 0.0 0
11-337 0 0.0 344 0 0.0 0
11-339 0 0.0 387 0 0.0 0
11-340 0 0.0 215 0 0.0 0
11-342 0 0.0 516 0 0.0 0
11-344 0 0.0 43 0 0.0 0
11-350 0 0.0 301 0 0.0 0
11-352 0 0.0 344 0 0.0 0
11-354 0 0.0 43 0 0.0 0
11-358 0 0.0 258 0 0.0 0
11-359 0 0.0 86 0 0.0 0
11-362 0 0.0 43 0 0.0 0
11-368 0 0.0 86 0 0.0 0
11-369 0 0.0 215 0 0.0 0
11-374 0 0.0 129 0 0.0 0
11-375 0 0.0 129 0 0.0 0
11-377 0 0.0 86 0 0.0 0
11-379 0 0.0 0 0 0.0 0
11-381 0 0.0 43 0 0.0 0
11-384 0 0.0 0 0 0.0 0
11-388 0 0.0 43 0 0.0 0
11-391 0 0.0 43 0 0.0 0
11-394 0 0.0 301 0 0.0 0
11-398 0 0.0 43 0 0.0 0
11-399 0 0.0 129 0 0.0 0
11-402 0 0.0 86 0 0.0 0
11-403 0 0.0 43 0 0.0 0
11-408 0 0.0 0 0 0.0 0
11-410 0 0.0 172 0 0.0 0
11-411 0 0.0 129 0 0.0 0
11-415 0 0.0 731 0 0.0 0
11-416 0 0.0 43 0 0.0 0
11-417 0 0.0 86 0 0.0 0
11-423 0 0.0 0 0 0.0 0
11-424 0 0.0 0 0 0.0 0
11-426 0 0.0 43 0 0.0 0
11-429 0 0.0 129 0 0.0 0
11-430 0 0.0 172 0 0.0 0
11-431 0 0.0 0 0 0.0 0
11-433 0 0.0 43 0 0.0 0
11-435 0 0.0 0 0 0.0 0
11-437 0 0.0 43 0 0.0 0
11-438 0 0.0 0 0 0.0 0
12-1 0 0.0 37 0 0.0 0
12-2 0 0.0 481 0 0.0 0
12-3 0 0.0 37 0 0.0 0
12-28 0 0.0 296 0 0.0 0
12-35 0 0.0 148 0 0.0 0
12-59 0 0.0 111 0 0.0 0
12-66 0 0.0 370 0 0.0 0
12-76 0 0.0 0 0 0.0 0
12-85 0 0.0 370 0 0.0 0
12-89 0 0.0 74 0 0.0 0
12-97 0 0.0 74 0 0.0 0
12-122 0 0.0 296 0 0.0 0
12-147 0 0.0 222 0 0.0 0
12-156 0 0.0 333 0 0.0 0
12-161 0 0.0 37 0 0.0 0
12-175 0 0.0 444 0 0.0 0
12-184 0 0.0 185 0 0.0 0
12-188 0 0.0 74 0 0.0 0
12-191 0 0.0 481 0 0.0 0
12-197 0 0.0 37 0 0.0 0
12-207 0 0.0 0 0 0.0 0
12-208 0 0.0 74 0 0.0 0
12-209 0 0.0 296 0 0.0 0
12-210 0 0.0 148 0 0.0 0
12-215 0 0.0 333 0 0.0 0
12-221 0 0.0 111 0 0.0 0
12-225 0 0.0 0 0 0.0 0
12-230 0 0.0 259 0 0.0 0
12-231 0 0.0 74 0 0.0 0
12-232 0 0.0 407 0 0.0 0
12-233 0 0.0 74 0 0.0 0
12-236 0 0.0 74 0 0.0 0
12-245 0 0.0 555 0 0.0 0
12-262 0 0.0 37 0 0.0 0
12-265 0 0.0 148 0 0.0 0
12-268 0 0.0 74 0 0.0 0
12-279 0 0.0 74 0 0.0 0
12-287 0 0.0 37 0 0.0 0
12-288 0 0.0 74 0 0.0 0
12-295 0 0.0 370 0 0.0 0
12-297 0 0.0 0 0 0.0 0
12-303 0 0.0 0 0 0.0 0
12-304 0 0.0 37 0 0.0 0
12-308 0 0.0 0 0 0.0 0
12-310 0 0.0 259 0 0.0 0
12-319 0 0.0 111 0 0.0 0
12-324 0 0.0 592 0 0.0 0
12-325 0 0.0 111 0 0.0 0
12-340 0 0.0 185 0 0.0 0
12-342 0 0.0 444 0 0.0 0
12-344 0 0.0 37 0 0.0 0
12-354 0 0.0 37 0 0.0 0
12-359 0 0.0 74 0 0.0 0
12-362 0 0.0 37 0 0.0 0
12-368 0 0.0 74 0 0.0 0
12-369 0 0.0 185 0 0.0 0
12-377 0 0.0 74 0 0.0 0
12-379 0 0.0 0 0 0.0 0
12-381 0 0.0 37 0 0.0 0
12-384 0 0.0 0 0 0.0 0
12-388 0 0.0 37 0 0.0 0
12-391 0 0.0 37 0 0.0 0
12-398 0 0.0 37 0 0.0 0
12-399 0 0.0 111 0 0.0 0
12-402 0 0.0 74 0 0.0 0
12-403 0 0.0 37 0 0.0 0
12-408 0 0.0 0 0 0.0 0
12-413 0 0.0 222 0 0.0 0
12-416 0 0.0 37 0 0.0 0
12-417 0 0.0 74 0 0.0 0
12-423 0 0.0 0 0 0.0 0
12-424 0 0.0 0 0 0.0 0
12-426 0 0.0 37 0 0.0 0
12-431 0 0.0 0 0 0.0 0
12-433 0 0.0 37 0 0.0 0
12-435 0 0.0 0 0 0.0 0
12-437 0 0.0 37 0 0.0 0
12-438 0 0.0 0 0 0.0 0
13-1 0 0.0 41 0 0.0 0
13-3 0 0.0 41 0 0.0 0
13-32 0 0.0 656 0 0.0 0
13-35 0 0.0 164 0 0.0 0
13-46 0 0.0 410 0 0.0 0
13-59 0 0.0 123 0 0.0 0
13-62 0 0.0 451 0 0.0 0
13-71 0 0.0 246 0 0.0 0
13-74 0 0.0 451 0 0.0 0
13-76 0 0.0 0 0 0.0 0
13-89 0 0.0 82 0 0.0 0
13-93 0 0.0 738 0 0.0 0
13-106 0 0.0 369 0 0.0 0
13-124 0 0.0 574 0 0.0 0
13-125 0 0.0 164 0 0.0 0
13-156 0 0.0 369 0 0.0 0
13-161 0 0.0 41 0 0.0 0
13-167 0 0.0 205 0 0.0 0
13-171 0 0.0 164 0 0.0 0
13-188 0 0.0 82 0 0.0 0
13-197 0 0.0 41 0 0.0 0
13-207 0 0.0 0 0 0.0 0
13-208 0 0.0 82 0 0.0 0
13-211 0 0.0 451 0 0.0 0
13-213 0 0.0 820 0 0.0 0
13-214 0 0.0 533 0 0.0 0
13-221 0 0.0 123 0 0.0 0
13-225 0 0.0 0 0 0.0 0
13-227 0 0.0 697 0 0.0 0
13-231 0 0.0 82 0 0.0 0
13-233 0 0.0 82 0 0.0 0
13-236 0 0.0 82 0 0.0 0
13-237 0 0.0 533 0 0.0 0
13-262 0 0.0 41 0 0.0 0
13-287 0 0.0 41 0 0.0 0
13-288 0 0.0 82 0 0.0 0
13-290 0 0.0 205 0 0.0 0
13-297 0 0.0 0 0 0.0 0
13-303 0 0.0 0 0 0.0 0
13-304 0 0.0 41 0 0.0 0
13-308 0 0.0 0 0 0.0 0
13-325 0 0.0 123 0 0.0 0
13-344 0 0.0 41 0 0.0 0
13-354 0 0.0 41 0 0.0 0
13-358 0 0.0 246 0 0.0 0
13-359 0 0.0 82 0 0.0 0
13-362 0 0.0 41 0 0.0 0
13-365 0 0.0 574 0 0.0 0
13-368 0 0.0 82 0 0.0 0
13-371 0 0.0 369 0 0.0 0
13-377 0 0.0 82 0 0.0 0
13-379 0 0.0 0 0 0.0 0
13-384 0 0.0 0 0 0.0 0
13-388 0 0.0 41 0 0.0 0
13-391 0 0.0 41 0 0.0 0
13-396 0 0.0 287 0 0.0 0
13-398 0 0.0 41 0 0.0 0
13-399 0 0.0 123 0 0.0 0
13-403 0 0.0 41 0 0.0 0
13-408 0 0.0 0 0 0.0 0
13-413 0 0.0 246 0 0.0 0
13-416 0 0.0 41 0 0.0 0
13-423 0 0.0 0 0 0.0 0
13-424 0 0.0 0 0 0.0 0
13-426 0 0.0 41 0 0.0 0
13-431 0 0.0 0 0 0.0 0
13-433 0 0.0 41 0 0.0 0
13-435 0 0.0 0 0 0.0 0
13-437 0 0.0 41 0 0.0 0
13-438 0 0.0 0 0 0.0 0
14-1 0 0.0 22 0 0.0 0
14-3 0 0.0 22 0 0.0 0
14-20 0 0.0 66 0 0.0 0
14-28 0 0.0 176 0 0.0 0
14-32 0 0.0 352 0 0.0 0
14-35 0 0.0 88 0 0.0 0
14-46 0 0.0 220 0 0.0 0
14-50 0 0.0 132 0 0.0 0
14-52 0 0.0 308 0 0.0 0
14-62 0 0.0 242 0 0.0 0
14-68 0 0.0 198 0 0.0 0
14-71 0 0.0 132 0 0.0 0
14-74 0 0.0 242 0 0.0 0
14-76 0 0.0 0 0 0.0 0
14-89 0 0.0 44 0 0.0 0
14-93 0 0.0 396 0 0.0 0
14-97 0 0.0 44 0 0.0 0
14-106 0 0.0 198 0 0.0 0
14-122 0 0.0 176 0 0.0 0
14-124 0 0.0 308 0 0.0 0
14-125 0 0.0 88 0 0.0 0
14-129 0 0.0 132 0 0.0 0
14-135 0 0.0 154 0 0.0 0
14-142 0 0.0 352 0 0.0 0
14-147 0 0.0 132 0 0.0 0
14-149 0 0.0 440 0 0.0 0
14-156 0 0.0 198 0 0.0 0
14-161 0 0.0 22 0 0.0 0
14-167 0 0.0 110 0 0.0 0
14-168 0 0.0 418 0 0.0 0
14-171 0 0.0 88 0 0.0 0
14-175 0 0.0 264 0 0.0 0
14-184 0 0.0 110 0 0.0 0
14-187 0 0.0 176 0 0.0 0
14-188 0 0.0 44 0 0.0 0
14-190 0 0.0 154 0 0.0 0
14-197 0 0.0 22 0 0.0 0
14-200 0 0.0 66 0 0.0 0
14-203 0 0.0 440 0 0.0 0
14-205 0 0.0 220 0 0.0 0
14-207 0 0.0 0 0 0.0 0
14-208 0 0.0 44 0 0.0 0
14-209 0 0.0 176 0 0.0 0
14-210 0 0.0 88 0 0.0 0
14-211 0 0.0 242 0 0.0 0
14-213 0 0.0 440 0 0.0 0
14-214 0 0.0 286 0 0.0 0
14-215 0 0.0 198 0 0.0 0
14-218 0 0.0 418 0 0.0 0
14-221 0 0.0 66 0 0.0 0
14-225 0 0.0 0 0 0.0 0
14-226 0 0.0 198 0 0.0 0
14-230 0 0.0 154 0 0.0 0
14-231 0 0.0 44 0 0.0 0
14-233 0 0.0 44 0 0.0 0
14-236 0 0.0 44 0 0.0 0
14-262 0 0.0 22 0 0.0 0
14-265 0 0.0 88 0 0.0 0
14-268 0 0.0 44 0 0.0 0
14-273 0 0.0 418 0 0.0 0
14-278 0 0.0 308 0 0.0 0
14-279 0 0.0 44 0 0.0 0
14-280 0 0.0 154 0 0.0 0
14-287 0 0.0 22 0 0.0 0
14-288 0 0.0 44 0 0.0 0
14-289 0 0.0 44 0 0.0 0
14-290 0 0.0 110 0 0.0 0
14-297 0 0.0 0 0 0.0 0
14-303 0 0.0 0 0 0.0 0
14-304 0 0.0 22 0 0.0 0
14-308 0 0.0 0 0 0.0 0
14-310 0 0.0 154 0 0.0 0
14-316 0 0.0 110 0 0.0 0
14-319 0 0.0 66 0 0.0 0
14-321 0 0.0 572 0 0.0 0
14-325 0 0.0 66 0 0.0 0
14-329 0 0.0 66 0 0.0 0
14-337 0 0.0 176 0 0.0 0
14-339 0 0.0 198 0 0.0 0
14-340 0 0.0 110 0 0.0 0
14-342 0 0.0 264 0 0.0 0
14-344 0 0.0 22 0 0.0 0
14-350 0 0.0 154 0 0.0 0
14-352 0 0.0 176 0 0.0 0
14-354 0 0.0 22 0 0.0 0
14-356 0 0.0 484 0 0.0 0
14-357 0 0.0 88 0 0.0 0
14-358 0 0.0 132 0 0.0 0
14-362 0 0.0 22 0 0.0 0
14-365 0 0.0 308 0 0.0 0
14-368 0 0.0 44 0 0.0 0
14-369 0 0.0 110 0 0.0 0
14-371 0 0.0 198 0 0.0 0
14-374 0 0.0 66 0 0.0 0
14-375 0 0.0 66 0 0.0 0
14-379 0 0.0 0 0 0.0 0
14-380 0 0.0 726 0 0.0 0
14-381 0 0.0 22 0 0.0 0
14-384 0 0.0 0 0 0.0 0
14-388 0 0.0 22 0 0.0 0
14-390 0 0.0 154 0 0.0 0
14-391 0 0.0 22 0 0.0 0
14-394 0 0.0 154 0 0.0 0
14-396 0 0.0 154 0 0.0 0
14-398 0 0.0 22 0 0.0 0
14-399 0 0.0 66 0 0.0 0
14-400 0 0.0 352 0 0.0 0
14-402 0 0.0 44 0 0.0 0
14-403 0 0.0 22 0 0.0 0
14-408 0 0.0 0 0 0.0 0
14-409 0 0.0 220 0 0.0 0
14-410 0 0.0 88 0 0.0 0
14-411 0 0.0 66 0 0.0 0
14-412 0 0.0 66 0 0.0 0
14-414 0 0.0 374 0 0.0 0
14-415 0 0.0 374 0 0.0 0
14-416 0 0.0 22 0 0.0 0
14-417 0 0.0 44 0 0.0 0
14-423 0 0.0 0 0 0.0 0
14-424 0 0.0 0 0 0.0 0
14-426 0 0.0 22 0 0.0 0
14-429 0 0.0 66 0 0.0 0
14-430 0 0.0 88 0 0.0 0
14-431 0 0.0 0 0 0.0 0
14-433 0 0.0 22 0 0.0 0
14-435 0 0.0 0 0 0.0 0
14-437 0 0.0 22 0 0.0 0
14-438 0 0.0 0 0 0.0 0
15-1 0 0.0 55 0 0.0 0
15-3 0 0.0 55 0 0.0 0
15-18 0 0.0 220 0 0.0 0
15-20 0 0.0 165 0 0.0 0
15-28 0 0.0 440 0 0.0 0
15-35 0 0.0 220 0 0.0 0
15-40 0 0.0 715 0 0.0 0
15-50 0 0.0 330 0 0.0 0
15-59 0 0.0 165 0 0.0 0
15-68 0 0.0 495 0 0.0 0
15-72 0 0.0 660 0 0.0 0
15-76 0 0.0 0 0 0.0 0
15-85 0 0.0 550 0 0.0 0
15-89 0 0.0 110 0 0.0 0
15-97 0 0.0 110 0 0.0 0
15-109 0 0.0 880 0 0.0 0
15-116 0 0.0 385 0 0.0 0
15-122 0 0.0 440 0 0.0 0
15-129 0 0.0 330 0 0.0 0
15-135 0 0.0 385 0 0.0 0
15-147 0 0.0 330 0 0.0 0
15-156 0 0.0 495 0 0.0 0
15-160 0 0.0 440 0 0.0 0
15-161 0 0.0 55 0 0.0 0
15-175 0 0.0 660 0 0.0 0
15-184 0 0.0 275 0 0.0 0
15-187 0 0.0 440 0 0.0 0
15-188 0 0.0 110 0 0.0 0
15-190 0 0.0 385 0 0.0 0
15-197 0 0.0 55 0 0.0 0
15-200 0 0.0 165 0 0.0 0
15-205 0 0.0 550 0 0.0 0
15-207 0 0.0 0 0 0.0 0
15-208 0 0.0 110 0 0.0 0
15-209 0 0.0 440 0 0.0 0
15-210 0 0.0 220 0 0.0 0
15-215 0 0.0 495 0 0.0 0
15-217 0 0.0 770 0 0.0 0
15-218 0 0.0 1045 0 0.0 0
15-220 0 0.0 440 0 0.0 0
15-221 0 0.0 165 0 0.0 0
15-225 0 0.0 0 0 0.0 0
15-226 0 0.0 495 0 0.0 0
15-230 0 0.0 385 0 0.0 0
15-231 0 0.0 110 0 0.0 0
15-233 0 0.0 110 0 0.0 0
15-236 0 0.0 110 0 0.0 0
15-240 0 0.0 275 0 0.0 0
15-262 0 0.0 55 0 0.0 0
15-278 0 0.0 770 0 0.0 0
15-280 0 0.0 385 0 0.0 0
15-286 0 0.0 385 0 0.0 0
15-287 0 0.0 55 0 0.0 0
15-288 0 0.0 110 0 0.0 0
15-295 0 0.0 550 0 0.0 0
15-296 0 0.0 330 0 0.0 0
15-297 0 0.0 0 0 0.0 0
15-302 0 0.0 385 0 0.0 0
15-303 0 0.0 0 0 0.0 0
15-304 0 0.0 55 0 0.0 0
15-308 0 0.0 0 0 0.0 0
15-310 0 0.0 385 0 0.0 0
15-311 0 0.0 330 0 0.0 0
15-316 0 0.0 275 0 0.0 0
15-319 0 0.0 165 0 0.0 0
15-320 0 0.0 165 0 0.0 0
15-325 0 0.0 165 0 0.0 0
15-329 0 0.0 165 0 0.0 0
15-337 0 0.0 440 0 0.0 0
15-339 0 0.0 495 0 0.0 0
15-340 0 0.0 275 0 0.0 0
15-342 0 0.0 660 0 0.0 0
15-344 0 0.0 55 0 0.0 0
15-348 0 0.0 935 0 0.0 0
15-350 0 0.0 385 0 0.0 0
15-352 0 0.0 440 0 0.0 0
15-354 0 0.0 55 0 0.0 0
15-362 0 0.0 55 0 0.0 0
15-364 0 0.0 825 0 0.0 0
15-367 0 0.0 1045 0 0.0 0
15-368 0 0.0 110 0 0.0 0
15-369 0 0.0 275 0 0.0 0
15-370 0 0.0 825 0 0.0 0
15-372 0 0.0 990 0 0.0 0
15-374 0 0.0 165 0 0.0 0
15-375 0 0.0 165 0 0.0 0
15-377 0 0.0 110 0 0.0 0
15-379 0 0.0 0 0 0.0 0
15-381 0 0.0 55 0 0.0 0
15-382 0 0.0 275 0 0.0 0
15-384 0 0.0 0 0 0.0 0
15-385 0 0.0 275 0 0.0 0
15-386 0 0.0 660 0 0.0 0
15-388 0 0.0 55 0 0.0 0
15-389 0 0.0 1265 0 0.0 0
15-391 0 0.0 55 0 0.0 0
15-393 0 0.0 385 0 0.0 0
15-394 0 0.0 385 0 0.0 0
15-398 0 0.0 55 0 0.0 0
15-399 0 0.0 165 0 0.0 0
15-402 0 0.0 110 0 0.0 0
15-403 0 0.0 55 0 0.0 0
15-408 0 0.0 0 0 0.0 0
15-409 0 0.0 550 0 0.0 0
15-410 0 0.0 220 0 0.0 0
15-411 0 0.0 165 0 0.0 0
15-415 0 0.0 935 0 0.0 0
15-416 0 0.0 55 0 0.0 0
15-417 0 0.0 110 0 0.0 0
15-418 0 0.0 220 0 0.0 0
15-421 0 0.0 935 0 0.0 0
15-422 0 0.0 550 0 0.0 0
15-423 0 0.0 0 0 0.0 0
15-424 0 0.0 0 0 0.0 0
15-426 0 0.0 55 0 0.0 0
15-429 0 0.0 165 0 0.0 0
15-430 0 0.0 220 0 0.0 0
15-431 0 0.0 0 0 0.0 0
15-433 0 0.0 55 0 0.0 0
15-435 0 0.0 0 0 0.0 0
15-437 0 0.0 55 0 0.0 0
15-438 0 0.0 0 0 0.0 0
16-1 0 0.0 67 0 0.0 0
16-3 0 0.0 67 0 0.0 0
16-20 0 0.0 201 0 0.0 0
16-28 0 0.0 536 0 0.0 0
16-35 0 0.0 268 0 0.0 0
16-62 0 0.0 737 0 0.0 0
16-68 0 0.0 603 0 0.0 0
16-74 0 0.0 737 0 0.0 0
16-76 0 0.0 0 0 0.0 0
16-89 0 0.0 134 0 0.0 0
16-97 0 0.0 134 0 0.0 0
16-122 0 0.0 536 0 0.0 0
16-125 0 0.0 268 0 0.0 0
16-129 0 0.0 402 0 0.0 0
16-135 0 0.0 469 0 0.0 0
16-147 0 0.0 402 0 0.0 0
16-156 0 0.0 603 0 0.0 0
16-161 0 0.0 67 0 0.0 0
16-167 0 0.0 335 0 0.0 0
16-171 0 0.0 268 0 0.0 0
16-175 0 0.0 804 0 0.0 0
16-184 0 0.0 335 0 0.0 0
16-187 0 0.0 536 0 0.0 0
16-188 0 0.0 134 0 0.0 0
16-190 0 0.0 469 0 0.0 0
16-197 0 0.0 67 0 0.0 0
16-200 0 0.0 201 0 0.0 0
16-205 0 0.0 670 0 0.0 0
16-207 0 0.0 0 0 0.0 0
16-208 0 0.0 134 0 0.0 0
16-209 0 0.0 536 0 0.0 0
16-210 0 0.0 268 0 0.0 0
16-215 0 0.0 603 0 0.0 0
16-218 0 0.0 1273 0 0.0 0
16-221 0 0.0 201 0 0.0 0
16-225 0 0.0 0 0 0.0 0
16-226 0 0.0 603 0 0.0 0
16-230 0 0.0 469 0 0.0 0
16-231 0 0.0 134 0 0.0 0
16-233 0 0.0 134 0 0.0 0
16-236 0 0.0 134 0 0.0 0
16-262 0 0.0 67 0 0.0 0
16-278 0 0.0 938 0 0.0 0
16-280 0 0.0 469 0 0.0 0
16-287 0 0.0 67 0 0.0 0
16-288 0 0.0 134 0 0.0 0
16-297 0 0.0 0 0 0.0 0
16-303 0 0.0 0 0 0.0 0
16-304 0 0.0 67 0 0.0 0
16-308 0 0.0 0 0 0.0 0
16-310 0 0.0 469 0 0.0 0
16-316 0 0.0 335 0 0.0 0
16-319 0 0.0 201 0 0.0 0
16-325 0 0.0 201 0 0.0 0
16-329 0 0.0 201 0 0.0 0
16-337 0 0.0 536 0 0.0 0
16-339 0 0.0 603 0 0.0 0
16-340 0 0.0 335 0 0.0 0
16-342 0 0.0 804 0 0.0 0
16-344 0 0.0 67 0 0.0 0
16-350 0 0.0 469 0 0.0 0
16-352 0 0.0 536 0 0.0 0
16-354 0 0.0 67 0 0.0 0
16-362 0 0.0 67 0 0.0 0
16-368 0 0.0 134 0 0.0 0
16-369 0 0.0 335 0 0.0 0
16-374 0 0.0 201 0 0.0 0
16-375 0 0.0 201 0 0.0 0
16-379 0 0.0 0 0 0.0 0
16-381 0 0.0 67 0 0.0 0
16-384 0 0.0 0 0 0.0 0
16-388 0 0.0 67 0 0.0 0
16-391 0 0.0 67 0 0.0 0
16-394 0 0.0 469 0 0.0 0
16-398 0 0.0 67 0 0.0 0
16-399 0 0.0 201 0 0.0 0
16-402 0 0.0 134 0 0.0 0
16-403 0 0.0 67 0 0.0 0
16-408 0 0.0 0 0 0.0 0
16-410 0 0.0 268 0 0.0 0
16-411 0 0.0 201 0 0.0 0
16-415 0 0.0 1139 0 0.0 0
16-416 0 0.0 67 0 0.0 0
16-417 0 0.0 134 0 0.0 0
16-423 0 0.0 0 0 0.0 0
16-424 0 0.0 0 0 0.0 0
16-426 0 0.0 67 0 0.0 0
16-429 0 0.0 201 0 0.0 0
16-430 0 0.0 268 0 0.0 0
16-431 0 0.0 0 0 0.0 0
16-433 0 0.0 67 0 0.0 0
16-435 0 0.0 0 0 0.0 0
16-437 0 0.0 67 0 0.0 0
16-438 0 0.0 0 0 0.0 0
17-1 0 0.0 29 0 0.0 0
17-3 0 0.0 29 0 0.0 0
17-28 0 0.0 232 0 0.0 0
17-35 0 0.0 116 0 0.0 0
17-76 0 0.0 0 0 0.0 0
17-89 0 0.0 58 0 0.0 0
17-97 0 0.0 58 0 0.0 0
17-171 0 0.0 116 0 0.0 0
17-188 0 0.0 58 0 0.0 0
17-197 0 0.0 29 0 0.0 0
17-207 0 0.0 0 0 0.0 0
17-208 0 0.0 58 0 0.0 0
17-221 0 0.0 87 0 0.0 0
17-225 0 0.0 0 0 0.0 0
17-231 0 0.0 58 0 0.0 0
17-233 0 0.0 58 0 0.0 0
17-236 0 0.0 58 0 0.0 0
17-262 0 0.0 29 0 0.0 0
17-268 0 0.0 58 0 0.0 0
17-287 0 0.0 29 0 0.0 0
17-288 0 0.0 58 0 0.0 0
17-290 0 0.0 145 0 0.0 0
17-297 0 0.0 0 0 0.0 0
17-303 0 0.0 0 0 0.0 0
17-304 0 0.0 29 0 0.0 0
17-308 0 0.0 0 0 0.0 0
17-325 0 0.0 87 0 0.0 0
17-340 0 0.0 145 0 0.0 0
17-344 0 0.0 29 0 0.0 0
17-354 0 0.0 29 0 0.0 0
17-358 0 0.0 174 0 0.0 0
17-359 0 0.0 58 0 0.0 0
17-379 0 0.0 0 0 0.0 0
17-384 0 0.0 0 0 0.0 0
17-388 0 0.0 29 0 0.0 0
17-391 0 0.0 29 0 0.0 0
17-398 0 0.0 29 0 0.0 0
17-399 0 0.0 87 0 0.0 0
17-403 0 0.0 29 0 0.0 0
17-408 0 0.0 0 0 0.0 0
17-416 0 0.0 29 0 0.0 0
17-423 0 0.0 0 0 0.0 0
17-424 0 0.0 0 0 0.0 0
17-426 0 0.0 29 0 0.0 0
17-431 0 0.0 0 0 0.0 0
17-433 0 0.0 29 0 0.0 0
17-435 0 0.0 0 0 0.0 0
17-438 0 0.0 0 0 0.0 0
18-1 0 0.0 4 0 0.0 0
18-2 0 0.0 52 0 0.0 0
18-3 0 0.0 4 0 0.0 0
18-6 0 0.0 160 0 0.0 0
18-9 0 0.0 140 0 0.0 0
18-11 0 0.0 172 0 0.0 0
18-15 0 0.0 220 0 0.0 0
18-30 0 0.0 64 0 0.0 0
18-32 0 0.0 64 0 0.0 0
18-33 0 0.0 108 0 0.0 0
18-36 0 0.0 92 0 0.0 0
18-41 0 0.0 140 0 0.0 0
18-44 0 0.0 56 0 0.0 0
18-46 0 0.0 40 0 0.0 0
18-48 0 0.0 308 0 0.0 0
18-49 0 0.0 264 0 0.0 0
18-60 0 0.0 140 0 0.0 0
18-62 0 0.0 44 0 0.0 0
18-64 0 0.0 232 0 0.0 0
18-66 0 0.0 40 0 0.0 0
18-69 0 0.0 288 0 0.0 0
18-71 0 0.0 24 0 0.0 0
18-74 0 0.0 44 0 0.0 0
18-75 0 0.0 208 0 0.0 0
18-76 0 0.0 0 0 0.0 0
18-77 0 0.0 184 0 0.0 0
18-86 0 0.0 124 0 0.0 0
18-92 0 0.0 132 0 0.0 0
18-93 0 0.0 72 0 0.0 0
18-99 0 0.0 80 0 0.0 0
18-106 0 0.0 36 0 0.0 0
18-119 0 0.0 192 0 0.0 0
18-121 0 0.0 64 0 0.0 0
18-122 0 0.0 32 0 0.0 0
18-124 0 0.0 56 0 0.0 0
18-125 0 0.0 16 0 0.0 0
18-127 0 0.0 228 0 0.0 0
18-137 0 0.0 324 0 0.0 0
18-139 0 0.0 76 0 0.0 0
18-140 0 0.0 12 0 0.0 0
18-141 0 0.0 188 0 0.0 0
18-143 0 0.0 4 0 0.0 0
18-147 0 0.0 24 0 0.0 0
18-152 0 0.0 20 0 0.0 0
18-154 0 0.0 52 0 0.0 0
18-161 0 0.0 4 0 0.0 0
18-167 0 0.0 20 0 0.0 0
18-170 0 0.0 256 0 0.0 0
18-171 0 0.0 16 0 0.0 0
18-175 0 0.0 48 0 0.0 0
18-176 0 0.0 56 0 0.0 0
18-179 0 0.0 152 0 0.0 0
18-184 0 0.0 20 0 0.0 0
18-185 0 0.0 132 0 0.0 0
18-188 0 0.0 8 0 0.0 0
18-190 0 0.0 28 0 0.0 0
18-191 0 0.0 52 0 0.0 0
18-193 0 0.0 112 0 0.0 0
18-197 0 0.0 4 0 0.0 0
18-200 0 0.0 12 0 0.0 0
18-207 0 0.0 0 0 0.0 0
18-208 0 0.0 8 0 0.0 0
18-209 0 0.0 32 0 0.0 0
18-211 0 0.0 44 0 0.0 0
18-212 0 0.0 152 0 0.0 0
18-213 0 0.0 80 0 0.0 0
18-214 0 0.0 52 0 0.0 0
18-215 0 0.0 36 0 0.0 0
18-221 0 0.0 12 0 0.0 0
18-225 0 0.0 0 0 0.0 0
18-227 0 0.0 68 0 0.0 0
18-229 0 0.0 184 0 0.0 0
18-230 0 0.0 28 0 0.0 0
18-231 0 0.0 8 0 0.0 0
18-232 0 0.0 44 0 0.0 0
18-233 0 0.0 8 0 0.0 0
18-236 0 0.0 8 0 0.0 0
18-237 0 0.0 52 0 0.0 0
18-251 0 0.0 136 0 0.0 0
18-256 0 0.0 252 0 0.0 0
18-257 0 0.0 136 0 0.0 0
18-259 0 0.0 20 0 0.0 0
18-261 0 0.0 28 0 0.0 0
18-262 0 0.0 4 0 0.0 0
18-267 0 0.0 96 0 0.0 0
18-268 0 0.0 8 0 0.0 0
18-283 0 0.0 16 0 0.0 0
18-284 0 0.0 232 0 0.0 0
18-287 0 0.0 4 0 0.0 0
18-288 0 0.0 8 0 0.0 0
18-290 0 0.0 20 0 0.0 0
18-291 0 0.0 56 0 0.0 0
18-294 0 0.0 168 0 0.0 0
18-297 0 0.0 0 0 0.0 0
18-303 0 0.0 0 0 0.0 0
18-304 0 0.0 4 0 0.0 0
18-308 0 0.0 0 0 0.0 0
18-310 0 0.0 28 0 0.0 0
18-315 0 0.0 176 0 0.0 0
18-319 0 0.0 12 0 0.0 0
18-324 0 0.0 64 0 0.0 0
18-325 0 0.0 12 0 0.0 0
18-329 0 0.0 12 0 0.0 0
18-334 0 0.0 76 0 0.0 0
18-335 0 0.0 188 0 0.0 0
18-340 0 0.0 20 0 0.0 0
18-342 0 0.0 48 0 0.0 0
18-344 0 0.0 4 0 0.0 0
18-354 0 0.0 4 0 0.0 0
18-358 0 0.0 24 0 0.0 0
18-359 0 0.0 8 0 0.0 0
18-360 0 0.0 20 0 0.0 0
18-362 0 0.0 4 0 0.0 0
18-365 0 0.0 56 0 0.0 0
18-368 0 0.0 8 0 0.0 0
18-371 0 0.0 36 0 0.0 0
18-374 0 0.0 12 0 0.0 0
18-376 0 0.0 68 0 0.0 0
18-379 0 0.0 0 0 0.0 0
18-384 0 0.0 0 0 0.0 0
18-388 0 0.0 4 0 0.0 0
18-390 0 0.0 28 0 0.0 0
18-391 0 0.0 4 0 0.0 0
18-396 0 0.0 28 0 0.0 0
18-398 0 0.0 4 0 0.0 0
18-399 0 0.0 12 0 0.0 0
18-403 0 0.0 4 0 0.0 0
18-407 0 0.0 24 0 0.0 0
18-408 0 0.0 0 0 0.0 0
18-410 0 0.0 16 0 0.0 0
18-413 0 0.0 24 0 0.0 0
18-415 0 0.0 68 0 0.0 0
18-416 0 0.0 4 0 0.0 0
18-423 0 0.0 0 0 0.0 0
18-424 0 0.0 0 0 0.0 0
18-425 0 0.0 100 0 0.0 0
18-426 0 0.0 4 0 0.0 0
18-429 0 0.0 12 0 0.0 0
18-431 0 0.0 0 0 0.0 0
18-433 0 0.0 4 0 0.0 0
18-435 0 0.0 0 0 0.0 0
18-436 0 0.0 24 0 0.0 0
18-437 0 0.0 4 0 0.0 0
18-438 0 0.0 0 0 0.0 0
19-1 0 0.0 40 0 0.0 0
19-3 0 0.0 40 0 0.0 0
19-32 0 0.0 640 0 0.0 0
19-35 0 0.0 160 0 0.0 0
19-46 0 0.0 400 0 0.0 0
19-62 0 0.0 440 0 0.0 0
19-71 0 0.0 240 0 0.0 0
19-74 0 0.0 440 0 0.0 0
19-76 0 0.0 0 0 0.0 0
19-93 0 0.0 720 0 0.0 0
19-106 0 0.0 360 0 0.0 0
19-122 0 0.0 320 0 0.0 0
19-124 0 0.0 560 0 0.0 0
19-125 0 0.0 160 0 0.0 0
19-143 0 0.0 40 0 0.0 0
19-147 0 0.0 240 0 0.0 0
19-161 0 0.0 40 0 0.0 0
19-167 0 0.0 200 0 0.0 0
19-171 0 0.0 160 0 0.0 0
19-175 0 0.0 480 0 0.0 0
19-184 0 0.0 200 0 0.0 0
19-188 0 0.0 80 0 0.0 0
19-191 0 0.0 520 0 0.0 0
19-197 0 0.0 40 0 0.0 0
19-207 0 0.0 0 0 0.0 0
19-208 0 0.0 80 0 0.0 0
19-209 0 0.0 320 0 0.0 0
19-211 0 0.0 440 0 0.0 0
19-213 0 0.0 800 0 0.0 0
19-214 0 0.0 520 0 0.0 0
19-221 0 0.0 120 0 0.0 0
19-225 0 0.0 0 0 0.0 0
19-227 0 0.0 680 0 0.0 0
19-231 0 0.0 80 0 0.0 0
19-233 0 0.0 80 0 0.0 0
19-236 0 0.0 80 0 0.0 0
19-237 0 0.0 520 0 0.0 0
19-262 0 0.0 40 0 0.0 0
19-287 0 0.0 40 0 0.0 0
19-288 0 0.0 80 0 0.0 0
19-290 0 0.0 200 0 0.0 0
19-297 0 0.0 0 0 0.0 0
19-303 0 0.0 0 0 0.0 0
19-304 0 0.0 40 0 0.0 0
19-308 0 0.0 0 0 0.0 0
19-310 0 0.0 280 0 0.0 0
19-325 0 0.0 120 0 0.0 0
19-340 0 0.0 200 0 0.0 0
19-342 0 0.0 480 0 0.0 0
19-344 0 0.0 40 0 0.0 0
19-354 0 0.0 40 0 0.0 0
19-358 0 0.0 240 0 0.0 0
19-359 0 0.0 80 0 0.0 0
19-362 0 0.0 40 0 0.0 0
19-365 0 0.0 560 0 0.0 0
19-368 0 0.0 80 0 0.0 0
19-371 0 0.0 360 0 0.0 0
19-379 0 0.0 0 0 0.0 0
19-384 0 0.0 0 0 0.0 0
19-388 0 0.0 40 0 0.0 0
19-391 0 0.0 40 0 0.0 0
19-396 0 0.0 280 0 0.0 0
19-398 0 0.0 40 0 0.0 0
19-399 0 0.0 120 0 0.0 0
19-403 0 0.0 40 0 0.0 0
19-407 0 0.0 240 0 0.0 0
19-408 0 0.0 0 0 0.0 0
19-413 0 0.0 240 0 0.0 0
19-416 0 0.0 40 0 0.0 0
19-423 0 0.0 0 0 0.0 0
19-424 0 0.0 0 0 0.0 0
19-426 0 0.0 40 0 0.0 0
19-431 0 0.0 0 0 0.0 0
19-433 0 0.0 40 0 0.0 0
19-435 0 0.0 0 0 0.0 0
19-437 0 0.0 40 0 0.0 0
19-438 0 0.0 0 0 0.0 0
20-0 0 0.0 57 0 0.0 0
20-1 0 0.0 3 0 0.0 0
20-2 0 0.0 39 0 0.0 0
20-3 0 0.0 3 0 0.0 0
20-6 0 0.0 120 0 0.0 0
20-9 0 0.0 105 0 0.0 0
20-11 0 0.0 129 0 0.0 0
20-14 0 0.0 66 0 0.0 0
20-15 0 0.0 165 0 0.0 0
20-16 0 0.0 201 0 0.0 0
20-22 0 0.0 186 0 0.0 0
20-28 0 0.0 24 0 0.0 0
20-30 0 0.0 48 0 0.0 0
20-31 0 0.0 150 0 0.0 0
20-32 0 0.0 48 0 0.0 0
20-33 0 0.0 81 0 0.0 0
20-35 0 0.0 12 0 0.0 0
20-36 0 0.0 69 0 0.0 0
20-37 0 0.0 171 0 0.0 0
20-41 0 0.0 105 0 0.0 0
20-44 0 0.0 42 0 0.0 0
20-46 0 0.0 30 0 0.0 0
20-47 0 0.0 186 0 0.0 0
20-48 0 0.0 231 0 0.0 0
20-49 0 0.0 198 0 0.0 0
20-53 0 0.0 81 0 0.0 0
20-58 0 0.0 210 0 0.0 0
20-60 0 0.0 105 0 0.0 0
20-62 0 0.0 33 0 0.0 0
20-64 0 0.0 174 0 0.0 0
20-66 0 0.0 30 0 0.0 0
20-69 0 0.0 216 0 0.0 0
20-71 0 0.0 18 0 0.0 0
20-74 0 0.0 33 0 0.0 0
20-75 0 0.0 156 0 0.0 0
20-76 0 0.0 0 0 0.0 0
20-77 0 0.0 138 0 0.0 0
20-78 0 0.0 69 0 0.0 0
20-86 0 0.0 93 0 0.0 0
20-87 0 0.0 216 0 0.0 0
20-89 0 0.0 6 0 0.0 0
20-92 0 0.0 99 0 0.0 0
20-93 0 0.0 54 0 0.0 0
20-95 0 0.0 63 0 0.0 0
20-97 0 0.0 6 0 0.0 0
20-99 0 0.0 60 0 0.0 0
20-105 0 0.0 36 0 0.0 0
20-106 0 0.0 27 0 0.0 0
20-119 0 0.0 144 0 0.0 0
20-121 0 0.0 48 0 0.0 0
20-122 0 0.0 24 0 0.0 0
20-124 0 0.0 42 0 0.0 0
20-125 0 0.0 12 0 0.0 0
20-127 0 0.0 171 0 0.0 0
20-137 0 0.0 243 0 0.0 0
